0,39,0
6,110,1
24,630,2
27,490,3
48,882,4
68,1330,5
74,2590,6
83,406,7
110,2482,8
116,2441,9
164,450,10
193,538,11
200,450,12
223,304,13
233,384,14
234,315,15
237,1287,16
250,468,17
261,505,18
265,762,19
268,2069,20
284,390,21
324,483,22
345,1265,23
351,2440,24
377,400,25
399,580,26
423,1658,27
432,1663,28
505,1821,29
510,897,30
518,560,31
584,632,32
630,1051,33
640,911,34
659,5851,35
673,675,36
674,965,37
736,1639,38
738,1342,39
778,1687,40
783,2583,41
826,1553,42
876,2759,43
904,4850,44
906,3735,45
957,1166,46
962,6732,47
971,1992,48
1013,1138,49
1016,1915,50
1033,2414,51
1054,1201,52
1056,3475,53
1060,3011,54
1097,1140,55
1103,4071,56
1104,4090,57
1135,4971,58
1175,1313,59
1211,3432,60
1229,2585,61
1271,1932,62
1285,1625,63
1347,1583,64
1351,1809,65
1372,1903,66
1383,2003,67
1398,1800,68
1404,1737,69
1414,1766,70
1417,2436,71
1419,2548,72
1467,1897,73
1491,3040,74
1511,1805,75
1569,1887,76
1593,4175,77
1654,2716,78
1674,1935,79
1696,3166,80
1768,2043,81
1783,3239,82
1814,2706,83
1836,3413,84
1838,2272,85
1900,2532,86
1940,5082,87
1949,2527,88
1960,2159,89
2001,2204,90
2124,2774,91
2127,2357,92
2160,2460,93
2162,2690,94
2199,2834,95
2217,2233,96
2222,4898,97
2227,3056,98
2249,2930,99
2260,2426,100
2283,2484,101
2302,4904,102
2421,3245,103
2427,3028,104
2512,3530,105
2518,3324,106
2532,5080,107
2545,2729,108
2547,3948,109
2576,3549,110
2578,3467,111
2607,4737,112
2610,2783,113
2612,3712,114
2641,3217,115
2750,3646,116
2751,3720,117
2755,2995,118
2796,3292,119
2811,3502,120
2814,2990,121
2819,2891,122
2845,3272,123
2853,2963,124
2914,3228,125
2931,4865,126
2942,3356,127
2947,2970,128
2961,3263,129
3022,4427,130
3055,3099,131
3058,3760,132
3131,4073,133
3216,3869,134
3251,3376,135
3269,3576,136
3343,4251,137
3356,3955,138
3416,6795,139
3451,3584,140
3482,5456,141
3550,6089,142
3594,4454,143
3596,4130,144
3610,4810,145
3713,3733,146
3760,4482,147
3786,4344,148
3791,4520,149
3865,5377,150
3886,4566,151
3914,3971,152
3915,5927,153
4006,4985,154
4007,4681,155
4106,4355,156
4111,4341,157
4120,6925,158
4153,4334,159
4203,4626,160
4230,5515,161
4370,4515,162
4383,6604,163
4410,4436,164
4446,5769,165
4501,5473,166
4503,5434,167
4522,8042,168
4550,5749,169
4580,4674,170
4609,5034,171
4633,6580,172
4640,6118,173
4682,8673,174
4697,6833,175
4719,4792,176
4729,5185,177
4731,4784,178
4753,6628,179
4828,4929,180
4849,5231,181
4872,5125,182
4939,5034,183
4953,6148,184
4968,8110,185
4972,5535,186
4998,6046,187
5005,6683,188
5060,5558,189
5079,5555,190
5185,5396,191
5209,6133,192
5215,8719,193
5243,6187,194
5257,5492,195
5267,11467,196
5311,7864,197
5314,5591,198
5329,5629,199
5340,5439,200
5345,8319,201
5351,6251,202
5385,7424,203
5396,6624,204
5428,5481,205
5447,8747,206
5487,5611,207
5507,7071,208
5513,6022,209
5545,5682,210
5668,6118,211
5727,6343,212
5751,6487,213
5808,8149,214
5861,6043,215
5893,6205,216
5930,7440,217
5946,6567,218
5972,7244,219
5975,6209,220
6042,6283,221
6044,6935,222
6056,6710,223
6107,8635,224
6115,8771,225
6166,6367,226
6167,8607,227
6185,6358,228
6186,7696,229
6200,6312,230
6247,6304,231
6294,7392,232
6296,6769,233
6297,6586,234
6301,6782,235
6314,6714,236
6385,7362,237
6422,7948,238
6428,6748,239
6438,8237,240
6444,8536,241
6512,7172,242
6544,7643,243
6550,7903,244
6571,6751,245
6574,7556,246
6581,8554,247
6614,12101,248
6638,7154,249
6644,6757,250
6646,7092,251
6655,7182,252
6698,7795,253
6713,8100,254
6730,7182,255
6776,9842,256
6794,7962,257
6806,6988,258
6866,6933,259
6870,8933,260
6924,7000,261
6934,8826,262
6935,10646,263
6985,7267,264
7020,7609,265
7065,7955,266
7080,7575,267
7087,8099,268
7120,8258,269
7125,7882,270
7143,7258,271
7151,7182,272
7161,7424,273
7204,7406,274
7213,7450,275
7216,9436,276
7219,8888,277
7220,7676,278
7252,9004,279
7273,7756,280
7301,8508,281
7305,7442,282
7333,8284,283
7353,7704,284
7374,8071,285
7409,9041,286
7433,7620,287
7438,7816,288
7451,11517,289
7464,7833,290
7543,8426,291
7574,8065,292
7578,8732,293
7585,8125,294
7593,10804,295
7617,7725,296
7634,9052,297
7665,8093,298
7713,8187,299
7716,10543,300
7728,8853,301
7754,7921,302
7775,8397,303
7792,7874,304
7795,8057,305
7855,7903,306
7878,8611,307
7887,8572,308
7909,9843,309
7911,9378,310
7956,8472,311
7969,8261,312
7974,7991,313
7984,9861,314
8050,8470,315
8054,9590,316
8066,8786,317
8076,8387,318
8098,11334,319
8102,8792,320
8147,8811,321
8162,9988,322
8183,8199,323
8197,8358,324
8215,10223,325
8218,11475,326
8224,8294,327
8228,8542,328
8235,8545,329
8237,9411,330
8239,8963,331
8307,9529,332
8310,8569,333
8311,9026,334
8347,9544,335
8352,8650,336
8394,8983,337
8546,8688,338
8586,9415,339
8591,8651,340
8592,9075,341
8627,9977,342
8647,10506,343
8680,8875,344
8682,8907,345
8683,8901,346
8704,9329,347
8732,9716,348
8738,8918,349
8743,9596,350
8746,9020,351
8779,10103,352
8787,10514,353
8816,9487,354
8845,9326,355
8848,10532,356
8868,9108,357
8871,9300,358
8896,9577,359
8899,10394,360
8917,10108,361
8927,10565,362
8938,10098,363
8949,10925,364
8957,9214,365
8967,11895,366
8988,9610,367
9003,9401,368
9036,9633,369
9106,9343,370
9112,12770,371
9150,9405,372
9194,11857,373
9197,9253,374
9218,10078,375
9264,9376,376
9297,10087,377
9399,10511,378
9401,10083,379
9405,9429,380
9419,9645,381
9450,10063,382
9459,10029,383
9466,9482,384
9504,10634,385
9561,10374,386
9636,13441,387
9664,10483,388
9665,9779,389
9741,10088,390
9762,10083,391
9784,10095,392
9823,12494,393
9870,10770,394
9922,11453,395
9926,12854,396
9946,10853,397
9987,11082,398
