0,39,0
3,107,1
12,618,2
14,477,3
25,859,4
35,1297,5
38,2554,6
43,366,7
57,2429,8
60,2385,9
84,370,10
99,444,11
103,353,12
115,196,13
120,271,14
121,202,15
123,1173,16
130,348,17
136,380,18
138,635,19
140,1941,20
148,254,21
168,327,22
179,1099,23
182,2271,24
195,218,25
206,387,26
218,1453,27
223,1454,28
260,1576,29
263,650,30
267,309,31
300,348,32
323,744,33
328,599,34
338,5530,35
345,347,36
346,637,37
377,1280,38
378,982,39
398,1307,40
401,2201,41
423,1150,42
448,2331,43
462,4408,44
463,3292,45
489,698,46
492,6262,47
497,1518,48
518,643,49
520,1419,50
529,1910,51
540,687,52
541,2960,53
543,2494,54
562,605,55
565,3533,56
566,3552,57
582,4418,58
602,740,59
620,2841,60
629,1985,61
650,1311,62
657,997,63
688,924,64
690,1148,65
701,1232,66
707,1327,67
715,1117,68
718,1051,69
723,1075,70
725,1744,71
726,1855,72
750,1180,73
762,2311,74
772,1066,75
801,1119,76
813,3395,77
844,1906,78
854,1115,79
865,2335,80
901,1176,81
909,2365,82
925,1817,83
936,2513,84
937,1371,85
968,1600,86
988,4130,87
993,1571,88
999,1198,89
1020,1223,90
1082,1732,91
1084,1314,92
1101,1401,93
1102,1630,94
1121,1756,95
1130,1146,96
1133,3809,97
1136,1965,98
1147,1828,99
1153,1319,100
1165,1366,101
1175,3777,102
1235,2059,103
1238,1839,104
1281,2299,105
1284,2090,106
1291,3839,107
1298,1482,108
1299,2700,109
1314,2287,110
1315,2204,111
1330,3460,112
1332,1505,113
1333,2433,114
1348,1924,115
1403,2299,116
1404,2373,117
1406,1646,118
1427,1923,119
1435,2126,120
1437,1613,121
1440,1512,122
1453,1880,123
1457,1567,124
1488,1802,125
1497,3431,126
1503,1917,127
1506,1529,128
1513,1815,129
1544,2949,130
1561,1605,131
1563,2265,132
1600,2542,133
1643,2296,134
1661,1786,135
1670,1977,136
1707,2615,137
1714,2313,138
1744,5123,139
1762,1895,140
1778,3752,141
1812,4351,142
1834,2694,143
1835,2369,144
1842,3042,145
1894,1914,146
1918,2640,147
1931,2489,148
1934,2663,149
1971,3483,150
1982,2662,151
1996,2053,152
1997,4009,153
2043,3022,154
2044,2718,155
2094,2343,156
2097,2327,157
2102,4907,158
2119,2300,159
2144,2567,160
2158,3443,161
2228,2373,162
2235,4456,163
2249,2275,164
2267,3590,165
2295,3267,166
2296,3227,167
2306,5826,168
2320,3519,169
2335,2429,170
2350,2775,171
2362,4309,172
2366,3844,173
2387,6378,174
2395,4531,175
2406,2479,176
2411,2867,177
2412,2465,178
2423,4298,179
2461,2562,180
2472,2854,181
2484,2737,182
2518,2613,183
2525,3720,184
2533,5675,185
2535,3098,186
2548,3596,187
2552,4230,188
2580,3078,189
2590,3066,190
2643,2854,191
2655,3579,192
2658,6162,193
2672,3616,194
2679,2914,195
2684,8884,196
2706,5259,197
2708,2985,198
2716,3016,199
2722,2821,200
2725,5699,201
2728,3628,202
2745,4784,203
2751,3979,204
2767,2820,205
2777,6077,206
2797,2921,207
2807,4371,208
2810,3319,209
2826,2963,210
2888,3338,211
2918,3534,212
2930,3666,213
2959,5300,214
2986,3168,215
3002,3314,216
3021,4531,217
3029,3650,218
3042,4314,219
3044,3278,220
3078,3319,221
3079,3970,222
3085,3739,223
3111,5639,224
3115,5771,225
3141,3342,226
3142,5582,227
3151,3324,228
3152,4662,229
3159,3271,230
3183,3240,231
3207,4305,232
3208,3681,233
3209,3498,234
3211,3692,235
3218,3618,236
3254,4231,237
3273,4799,238
3276,3596,239
3281,5080,240
3284,5376,241
3318,3978,242
3334,4433,243
3337,4690,244
3348,3528,245
3350,4332,246
3354,5327,247
3371,8858,248
3383,3899,249
3386,3499,250
3387,3833,251
3392,3919,252
3414,4511,253
3422,4809,254
3431,3883,255
3454,6520,256
3463,4631,257
3469,3651,258
3499,3566,259
3501,5564,260
3528,3604,261
3533,5425,262
3534,7245,263
3559,3841,264
3577,4166,265
3600,4490,266
3608,4103,267
3612,4624,268
3629,4767,269
3632,4389,270
3641,3756,271
3645,3676,272
3650,3913,273
3672,3874,274
3677,3914,275
3679,5899,276
3681,5350,277
3682,4138,278
3698,5450,279
3709,4192,280
3723,4930,281
3725,3862,282
3739,4690,283
3749,4100,284
3760,4457,285
3778,5410,286
3790,3977,287
3793,4171,288
3800,7866,289
3807,4176,290
3847,4730,291
3863,4354,292
3865,5019,293
3869,4409,294
3873,7084,295
3885,3993,296
3894,5312,297
3910,4338,298
3934,4408,299
3936,6763,300
3942,5067,301
3955,4122,302
3966,4588,303
3975,4057,304
3977,4239,305
4007,4055,306
4019,4752,307
4024,4709,308
4035,5969,309
4036,5503,310
4059,4575,311
4066,4358,312
4069,4086,313
4074,5951,314
4107,4527,315
4109,5645,316
4115,4835,317
4120,4431,318
4131,7367,319
4133,4823,320
4156,4820,321
4164,5990,322
4175,4191,323
4182,4343,324
4191,6199,325
4193,7450,326
4196,4266,327
4198,4512,328
4202,4512,329
4203,5377,330
4204,4928,331
4238,5460,332
4240,4499,333
4241,4956,334
4259,5456,335
4262,4560,336
4283,4872,337
4359,4501,338
4379,5208,339
4382,4442,340
4383,4866,341
4401,5751,342
4411,6270,343
4428,4623,344
4429,4654,345
4430,4648,346
4441,5066,347
4455,5439,348
4458,4638,349
4461,5314,350
4463,4737,351
4480,5804,352
4484,6211,353
4499,5170,354
4514,4995,355
4516,6200,356
4526,4766,357
4528,4957,358
4541,5222,359
4543,6038,360
4552,5743,361
4557,6195,362
4563,5723,363
4569,6545,364
4573,4830,365
4578,7506,366
4589,5211,367
4597,4995,368
4614,5211,369
4649,4886,370
4652,8310,371
4671,4926,372
4693,7356,373
4695,4751,374
4706,5566,375
4729,4841,376
4746,5536,377
4797,5909,378
4798,5480,379
4800,4824,380
4807,5033,381
4823,5436,382
4828,5398,383
4832,4848,384
4851,5981,385
4880,5693,386
4918,8723,387
4932,5751,388
4933,5047,389
4971,5318,390
4982,5303,391
4993,5304,392
5013,7684,393
5037,5937,394
5063,6594,395
5065,7993,396
5075,5982,397
5096,6191,398
5125,5557,399
5129,5476,400
5136,5499,401
5149,5432,402
5161,5881,403
5175,8171,404
5176,5278,405
5204,6725,406
5206,5263,407
5264,6643,408
5270,6984,409
5279,9496,410
5280,7095,411
5340,8826,412
5358,5382,413
5363,5861,414
5370,5976,415
5399,5923,416
5404,6247,417
5424,5542,418
5436,5633,419
5444,5844,420
5461,6169,421
5473,8053,422
5488,6773,423
5489,6556,424
5507,5815,425
5526,6098,426
5531,5729,427
5533,7215,428
5537,6010,429
5577,5818,430
5588,5602,431
5600,6435,432
5604,6380,433
5607,6244,434
5616,6405,435
5620,6299,436
5621,5833,437
5625,5957,438
5627,6427,439
5631,6398,440
5636,8803,441
5641,6732,442
5643,8124,443
5646,5979,444
5663,6868,445
5681,5824,446
5683,5858,447
5700,6771,448
5712,6262,449
5713,6032,450
5722,6198,451
5785,5842,452
5808,6461,453
5832,5834,454
5834,7427,455
5869,6041,456
5878,6211,457
5903,6506,458
5939,6914,459
5940,11832,460
5953,6181,461
5963,6236,462
5964,6287,463
5998,6813,464
6029,6317,465
6033,7437,466
6040,6057,467
6056,12187,468
6097,6684,469
6116,6993,470
6130,7253,471
6159,7627,472
6181,6551,473
6186,7234,474
6192,8447,475
6198,7825,476
6203,6230,477
6209,8094,478
6214,6336,479
6216,6850,480
6224,7627,481
6234,7052,482
6247,7672,483
6248,6994,484
6263,6275,485
6264,6604,486
6265,6654,487
6275,6672,488
6283,6339,489
6328,6669,490
6331,7324,491
6343,7414,492
6356,6741,493
6392,6804,494
6434,6595,495
6435,7029,496
6443,7037,497
6448,8773,498
6498,7513,499
6504,8381,500
6523,6712,501
6525,6660,502
6526,8680,503
6528,7726,504
6549,7245,505
6594,7128,506
6653,10758,507
6681,6929,508
6689,8646,509
6690,8076,510
6717,8280,511
6730,6876,512
6763,6887,513
6783,9093,514
6791,6827,515
6811,8520,516
6818,7673,517
6831,7003,518
6833,7996,519
6841,11133,520
6854,7225,521
6855,6904,522
6863,7350,523
6868,7809,524
6877,7165,525
6891,8062,526
6897,9205,527
6901,7479,528
6923,7355,529
6924,6958,530
6926,7028,531
6953,11182,532
6970,7735,533
6971,7980,534
6982,7137,535
6991,8416,536
7001,7220,537
7008,7444,538
7012,10440,539
7015,9819,540
7023,7782,541
7105,8148,542
7128,8295,543
7131,7496,544
7137,7252,545
7150,7382,546
7151,7153,547
7171,8027,548
7180,7436,549
7190,7702,550
7214,8247,551
7234,8235,552
7252,7576,553
7281,10169,554
7285,9199,555
7286,7503,556
7298,8863,557
7311,12073,558
7315,7412,559
7325,8752,560
7350,8260,561
7356,7671,562
7363,9658,563
7378,7605,564
7385,8503,565
7393,8763,566
7406,7449,567
7423,9501,568
7424,8601,569
7429,7740,570
7456,10540,571
7485,7801,572
7503,7687,573
7505,8579,574
7506,8251,575
7507,8001,576
7517,10491,577
7521,11658,578
7522,7712,579
7534,7547,580
7542,7570,581
7553,7834,582
7557,8415,583
7583,9176,584
7612,8838,585
7622,7820,586
7630,8307,587
7645,7977,588
7663,9323,589
7670,11450,590
7676,10924,591
7717,7807,592
7733,8583,593
7761,8339,594
7781,8140,595
7785,7902,596
7789,10293,597
7805,7971,598
7822,8235,599
7863,8098,600
7884,8724,601
7894,8068,602
7904,9291,603
7912,8853,604
7925,8330,605
7936,9727,606
7943,9056,607
7947,8044,608
7968,9547,609
8003,8755,610
8018,8282,611
8023,8025,612
8052,9131,613
8058,8452,614
8060,12160,615
8064,8516,616
8066,9350,617
8075,8382,618
8080,8974,619
8083,9295,620
8084,8450,621
8088,9787,622
8128,8251,623
8135,13318,624
8137,8140,625
8157,9490,626
8182,8275,627
8214,8657,628
8248,8601,629
8265,8761,630
8282,10106,631
8286,9450,632
8334,8686,633
8351,9415,634
8359,9405,635
8365,8741,636
8372,9388,637
8376,8872,638
8401,9776,639
8421,9947,640
8422,9793,641
8462,13612,642
8468,9060,643
8485,8532,644
8548,9048,645
8549,9482,646
8618,9203,647
8619,15437,648
8631,9083,649
8632,9022,650
8641,8793,651
8649,11701,652
8676,8705,653
8678,8896,654
8680,9068,655
8683,9807,656
8693,9287,657
8707,9394,658
8714,10408,659
8724,11207,660
8728,10453,661
8729,10377,662
8735,9438,663
8746,8968,664
8758,9507,665
8759,8961,666
8772,10564,667
8775,8787,668
8785,10846,669
8799,9691,670
8823,9263,671
8832,10902,672
8839,9526,673
8846,10649,674
8865,9205,675
8896,9894,676
8904,10037,677
8924,9726,678
8943,9011,679
8949,8972,680
8994,11765,681
9002,9093,682
9013,9986,683
9047,9873,684
9080,9734,685
9087,9373,686
9098,9230,687
9104,9178,688
9114,9649,689
9137,9731,690
9143,10573,691
9155,10064,692
9157,9939,693
9175,9679,694
9181,10588,695
9202,10298,696
9229,10451,697
9236,12070,698
9242,9380,699
9252,10555,700
9265,11073,701
9266,9436,702
9272,9342,703
9295,9525,704
9308,10691,705
9310,14532,706
9321,9833,707
9334,9420,708
9356,10920,709
9358,11297,710
9389,10549,711
9393,9740,712
9396,10800,713
9406,10451,714
9411,10098,715
9437,9501,716
9450,11804,717
9455,12812,718
9474,10231,719
9488,11236,720
9489,10287,721
9494,9517,722
9510,9632,723
9517,11108,724
9530,13188,725
9533,10169,726
9559,10976,727
9580,11303,728
9582,10411,729
9586,15764,730
9596,10032,731
9598,10132,732
9602,11652,733
9610,9646,734
9625,9930,735
9635,10082,736
9645,9655,737
9646,9838,738
9654,10311,739
9658,11124,740
9678,9769,741
9683,11977,742
9694,10523,743
9702,12242,744
9733,10307,745
9739,10125,746
9751,10001,747
9784,11261,748
9785,11639,749
9800,10368,750
9805,9939,751
9813,9989,752
9825,10610,753
9826,13273,754
9840,10198,755
9861,12476,756
9863,10858,757
9866,11155,758
9895,11103,759
9901,10778,760
9905,10065,761
9916,10783,762
9922,11972,763
9930,10986,764
9931,11124,765
9945,11003,766
9947,10348,767
9952,10074,768
