0,39,0
5,109,1
20,626,2
22,485,3
39,873,4
55,1317,5
60,2576,6
67,390,7
89,2461,8
94,2419,9
132,418,10
155,500,11
161,411,12
180,261,13
188,339,14
189,270,15
191,1241,16
202,420,17
211,455,18
214,711,19
216,2017,20
229,335,21
261,420,22
278,1198,23
283,2372,24
304,327,25
322,503,26
341,1576,27
349,1580,28
408,1724,29
412,799,30
418,460,31
471,519,32
508,929,33
516,787,34
532,5724,35
544,546,36
545,836,37
595,1498,38
597,1201,39
629,1538,40
633,2433,41
667,1394,42
707,2590,43
729,4675,44
731,3560,45
772,981,46
776,6546,47
784,1805,48
818,943,49
820,1719,50
834,2215,51
851,998,52
853,3272,53
857,2808,54
887,930,55
892,3860,56
893,3879,57
918,4754,58
950,1088,59
979,3200,60
994,2350,61
1028,1689,62
1039,1379,63
1088,1324,64
1091,1549,65
1108,1639,66
1117,1737,67
1129,1531,68
1134,1467,69
1142,1494,70
1144,2163,71
1146,2275,72
1184,1614,73
1203,2752,74
1219,1513,75
1266,1584,76
1285,3867,77
1334,2396,78
1350,1611,79
1367,2837,80
1425,1700,81
1437,2893,82
1462,2354,83
1480,3057,84
1482,1916,85
1532,2164,86
1564,4706,87
1571,2149,88
1580,1779,89
1613,1816,90
1711,2361,91
1713,1943,92
1740,2040,93
1742,2270,94
1772,2407,95
1786,1802,96
1790,4466,97
1794,2623,98
1811,2492,99
1820,1986,100
1838,2039,101
1853,4455,102
1949,2773,103
1954,2555,104
2022,3040,105
2027,2833,106
2038,4586,107
2048,2232,108
2050,3451,109
2074,3047,110
2076,2965,111
2099,4229,112
2101,2274,113
2103,3203,114
2126,2702,115
2213,3109,116
2214,3183,117
2218,2458,118
2251,2747,119
2263,2954,120
2265,2441,121
2269,2341,122
2290,2717,123
2297,2407,124
2346,2660,125
2359,4293,126
2368,2782,127
2372,2395,128
2383,2685,129
2432,3837,130
2458,2502,131
2460,3162,132
2519,3461,133
2587,3240,134
2615,2740,135
2629,2936,136
2688,3596,137
2699,3298,138
2747,6126,139
2775,2908,140
2800,4774,141
2854,5393,142
2889,3749,143
2891,3425,144
2903,4103,145
2985,3005,146
3022,3744,147
3043,3601,148
3047,3776,149
3106,4618,150
3123,3803,151
3145,3202,152
3146,5158,153
3219,4198,154
3220,3894,155
3300,3549,156
3304,3534,157
3311,6116,158
3338,3519,159
3378,3801,160
3400,4685,161
3512,3657,162
3522,5743,163
3544,3570,164
3573,4896,165
3617,4589,166
3618,4549,167
3634,7154,168
3656,4855,169
3680,3774,170
3703,4128,171
3722,5669,172
3728,5206,173
3762,7753,174
3774,5910,175
3791,3864,176
3799,4255,177
3801,3854,178
3819,5694,179
3879,3980,180
3896,4278,181
3915,4168,182
3968,4063,183
3979,5174,184
3991,7133,185
3994,4557,186
4015,5063,187
4021,5699,188
4065,4563,189
4081,4557,190
4166,4377,191
4185,5109,192
4190,7694,193
4213,5157,194
4224,4459,195
4232,10432,196
4267,6820,197
4270,4547,198
4282,4582,199
4291,4390,200
4295,7269,201
4300,5200,202
4327,6366,203
4336,5564,204
4361,4414,205
4376,7676,206
4408,4532,207
4424,5988,208
4429,4938,209
4455,4592,210
4553,5003,211
4600,5216,212
4619,5355,213
4665,7006,214
4708,4890,215
4734,5046,216
4764,6274,217
4777,5398,218
4798,6070,219
4801,5035,220
4855,5096,221
4857,5748,222
4866,5520,223
4907,7435,224
4913,7569,225
4954,5155,226
4955,7395,227
4970,5143,228
4971,6481,229
4982,5094,230
5020,5077,231
5058,6156,232
5060,5533,233
5061,5350,234
5064,5545,235
5074,5474,236
5131,6108,237
5161,6687,238
5166,5486,239
5174,6973,240
5179,7271,241
5233,5893,242
5258,6357,243
5263,6616,244
5280,5460,245
5282,6264,246
5288,7261,247
5314,10801,248
5334,5850,249
5339,5452,250
5340,5786,251
5348,5875,252
5383,6480,253
5395,6782,254
5408,5860,255
5445,8511,256
5460,6628,257
5469,5651,258
5517,5584,259
5520,7583,260
5563,5639,261
5571,7463,262
5572,9283,263
5612,5894,264
5640,6229,265
5676,6566,266
5688,6183,267
5694,6706,268
5720,6858,269
5724,6481,270
5738,5853,271
5745,5776,272
5753,6016,273
5788,5990,274
5795,6032,275
5798,8018,276
5800,7469,277
5801,6257,278
5827,7579,279
5844,6327,280
5867,7074,281
5870,6007,282
5893,6844,283
5909,6260,284
5926,6623,285
5954,7586,286
5973,6160,287
5977,6355,288
5988,10054,289
5998,6367,290
6061,6944,291
6086,6577,292
6090,7244,293
6096,6636,294
6102,9313,295
6121,6229,296
6135,7553,297
6160,6588,298
6199,6673,299
6201,9028,300
6211,7336,301
6232,6399,302
6249,6871,303
6263,6345,304
6266,6528,305
6314,6362,306
6333,7066,307
6340,7025,308
6358,8292,309
6359,7826,310
6395,6911,311
6406,6698,312
6410,6427,313
6418,8295,314
6471,6891,315
6475,8011,316
6484,7204,317
6492,6803,318
6510,9746,319
6513,7203,320
6549,7213,321
6561,8387,322
6578,6594,323
6589,6750,324
6603,8611,325
6606,9863,326
6611,6681,327
6614,6928,328
6620,6930,329
6622,7796,330
6624,7348,331
6678,7900,332
6681,6940,333
6682,7397,334
6711,7908,335
6715,7013,336
6749,7338,337
6871,7013,338
6903,7732,339
6907,6967,340
6908,7391,341
6936,8286,342
6952,8811,343
6979,7174,344
6981,7206,345
6982,7200,346
6999,7624,347
7021,8005,348
7026,7206,349
7030,7883,350
7033,7307,351
7060,8384,352
7067,8794,353
7090,7761,354
7113,7594,355
7116,8800,356
7132,7372,357
7135,7564,358
7155,7836,359
7158,8653,360
7173,8364,361
7181,8819,362
7190,8350,363
7199,9175,364
7206,7463,365
7214,10142,366
7231,7853,367
7243,7641,368
7270,7867,369
7326,7563,370
7331,10989,371
7362,7617,372
7397,10060,373
7399,7455,374
7416,8276,375
7453,7565,376
7479,8269,377
7561,8673,378
7563,8245,379
7566,7590,380
7577,7803,381
7602,8215,382
7610,8180,383
7616,7632,384
7646,8776,385
7691,8504,386
7751,11556,387
7773,8592,388
7774,7888,389
7835,8182,390
7852,8173,391
7869,8180,392
7901,10572,393
7939,8839,394
7981,9512,395
7984,10912,396
8000,8907,397
8033,9128,398
8079,8511,399
8085,8432,400
8096,8459,401
8116,8399,402
8134,8854,403
8157,11153,404
8158,8260,405
8202,9723,406
8205,8262,407
8297,9676,408
8306,10020,409
8320,12537,410
8322,10137,411
8418,11904,412
8446,8470,413
8454,8952,414
8465,9071,415
8511,9035,416
8519,9362,417
8551,8669,418
8570,8767,419
8582,8982,420
8610,9318,421
8629,11209,422
8653,9938,423
8654,9721,424
8683,8991,425
8714,9286,426
8722,8920,427
8725,10407,428
8731,9204,429
8795,9036,430
8813,8827,431
8832,9667,432
8838,9614,433
8842,9479,434
8855,9644,435
8861,9540,436
8862,9074,437
8868,9200,438
8871,9671,439
8878,9645,440
8885,12052,441
8893,9984,442
8895,11376,443
8900,9233,444
8927,10132,445
8956,9099,446
8959,9134,447
8986,10057,448
9005,9555,449
9006,9325,450
9020,9496,451
9121,9178,452
9158,9811,453
9195,9197,454
9197,10790,455
9252,9424,456
9267,9600,457
9306,9909,458
9363,10338,459
9364,15256,460
9385,9613,461
9400,9673,462
9401,9724,463
9456,10271,464
9505,9793,465
9512,10916,466
9524,9541,467
9549,15680,468
9615,10202,469
9645,10522,470
9667,10790,471
9713,11181,472
9748,10118,473
9756,10804,474
9766,12021,475
9775,11402,476
9783,9810,477
9793,11678,478
9800,9922,479
9802,10436,480
9815,11218,481
9830,10648,482
9850,11275,483
9851,10597,484
9874,9886,485
9876,10216,486
9878,10267,487
9894,10291,488
9907,9963,489
9979,10320,490
9983,10976,491
