0,39,0
4,108,1
16,622,2
18,481,3
32,866,4
45,1307,5
49,2565,6
55,378,7
73,2445,8
77,2402,9
109,395,10
128,473,11
133,383,12
149,230,13
156,307,14
157,238,15
159,1209,16
168,386,17
175,419,18
178,675,19
180,1981,20
191,297,21
218,377,22
232,1152,23
236,2325,24
253,276,25
268,449,26
284,1519,27
290,1521,28
339,1655,29
343,730,30
348,390,31
392,440,32
423,844,33
430,701,34
443,5635,35
453,455,36
454,745,37
496,1399,38
497,1101,39
524,1433,40
527,2327,41
556,1283,42
590,2473,43
609,4555,44
610,3439,45
644,853,46
648,6418,47
654,1675,48
682,807,49
684,1583,50
695,2076,51
709,856,52
711,3130,53
714,2665,54
739,782,55
743,3711,56
744,3730,57
765,4601,58
792,930,59
816,3037,60
828,2184,61
856,1517,62
865,1205,63
906,1142,64
909,1367,65
923,1454,66
930,1550,67
940,1342,68
944,1277,69
951,1303,70
953,1972,71
955,2084,72
987,1417,73
1003,2552,74
1016,1310,75
1055,1373,76
1071,3653,77
1112,2174,78
1126,1387,79
1141,2611,80
1189,1464,81
1199,2655,82
1220,2112,83
1235,2812,84
1237,1671,85
1279,1911,86
1306,4448,87
1312,1890,88
1319,1518,89
1347,1550,90
1429,2079,91
1431,1661,92
1453,1753,93
1454,1982,94
1479,2114,95
1491,1507,96
1495,4171,97
1499,2328,98
1514,2195,99
1521,1687,100
1536,1737,101
1549,4151,102
1629,2453,103
1633,2234,104
1690,2708,105
1694,2500,106
1704,4252,107
1713,1897,108
1715,3116,109
1735,2708,110
1737,2626,111
1756,3886,112
1758,1931,113
1760,2860,114
1780,2356,115
1853,2749,116
1854,2823,117
1857,2097,118
1884,2380,119
1894,2585,120
1896,2072,121
1899,1971,122
1917,2344,123
1923,2033,124
1964,2278,125
1975,3909,126
1982,2396,127
1986,2009,128
1995,2297,129
2036,3441,130
2058,2102,131
2060,2762,132
2109,3051,133
2166,2819,134
2190,2315,135
2202,2509,136
2251,3159,137
2260,2859,138
2300,5679,139
2323,2456,140
2344,4318,141
2389,4928,142
2418,3278,143
2420,2954,144
2430,3630,145
2499,2519,146
2530,3252,147
2547,3105,148
2550,3279,149
2599,4111,150
2613,3293,151
2632,2689,152
2633,4645,153
2694,3673,154
2695,3369,155
2761,3010,156
2764,2994,157
2770,5575,158
2792,2973,159
2825,3248,160
2843,4128,161
2936,3081,162
2945,5166,163
2963,2989,164
2987,4310,165
3024,3996,166
3025,3956,167
3038,6558,168
3057,4256,169
3077,3171,170
3096,3521,171
3112,5059,172
3117,4595,173
3145,7136,174
3155,5291,175
3170,3243,176
3177,3633,177
3179,3232,178
3194,5069,179
3244,3345,180
3258,3640,181
3274,3527,182
3319,3414,183
3328,4523,184
3338,6480,185
3341,3904,186
3359,4407,187
3364,5042,188
3401,3899,189
3414,3890,190
3485,3696,191
3501,4425,192
3505,7009,193
3524,4468,194
3533,3768,195
3540,9740,196
3569,6122,197
3571,3848,198
3581,3881,199
3589,3688,200
3592,6566,201
3596,4496,202
3619,5658,203
3626,4854,204
3647,3700,205
3660,6960,206
3687,3811,207
3700,5264,208
3704,4213,209
3726,3863,210
3808,4258,211
3848,4464,212
3864,4600,213
3902,6243,214
3938,4120,215
3960,4272,216
3985,5495,217
3996,4617,218
4014,5286,219
4016,4250,220
4061,4302,221
4062,4953,222
4070,4724,223
4104,6632,224
4109,6765,225
4143,4344,226
4144,6584,227
4156,4329,228
4157,5667,229
4166,4278,230
4198,4255,231
4229,5327,232
4231,4704,233
4232,4521,234
4235,4716,235
4244,4644,236
4291,5268,237
4316,5842,238
4320,4640,239
4327,6126,240
4331,6423,241
4376,5036,242
4397,5496,243
4401,5754,244
4415,4595,245
4417,5399,246
4422,6395,247
4444,9931,248
4460,4976,249
4464,4577,250
4465,4911,251
4471,4998,252
4500,5597,253
4510,5897,254
4521,4973,255
4552,7618,256
4564,5732,257
4572,4754,258
4612,4679,259
4615,6678,260
4651,4727,261
4658,6550,262
4659,8370,263
4692,4974,264
4715,5304,265
4745,5635,266
4755,5250,267
4760,5772,268
4782,5920,269
4785,5542,270
4797,4912,271
4803,4834,272
4810,5073,273
4839,5041,274
4845,5082,275
4847,7067,276
4849,6518,277
4850,5306,278
4871,6623,279
4885,5368,280
4904,6111,281
4907,5044,282
4926,5877,283
4940,5291,284
4954,5651,285
4978,6610,286
4994,5181,287
4997,5375,288
5006,9072,289
5015,5384,290
5068,5951,291
5089,5580,292
5092,6246,293
5097,5637,294
5102,8313,295
5118,5226,296
5129,6547,297
5150,5578,298
5182,5656,299
5184,8011,300
5192,6317,301
5209,5376,302
5223,5845,303
5235,5317,304
5237,5499,305
5277,5325,306
5293,6026,307
5299,5984,308
5314,7248,309
5315,6782,310
5345,5861,311
5354,5646,312
5358,5375,313
5365,7242,314
5409,5829,315
5412,6948,316
5420,6140,317
5427,5738,318
5442,8678,319
5445,6135,320
5475,6139,321
5485,7311,322
5499,5515,323
5509,5670,324
5521,7529,325
5523,8780,326
5527,5597,327
5530,5844,328
5535,5845,329
5536,6710,330
5538,6262,331
5583,6805,332
5585,5844,333
5586,6301,334
5610,6807,335
5614,5912,336
5642,6231,337
5744,5886,338
5771,6600,339
5774,5834,340
5775,6258,341
5799,7149,342
5813,7672,343
5835,6030,344
5837,6062,345
5838,6056,346
5852,6477,347
5871,6855,348
5875,6055,349
5878,6731,350
5880,6154,351
5902,7226,352
5908,7635,353
5927,6598,354
5947,6428,355
5949,7633,356
5963,6203,357
5965,6394,358
5982,6663,359
5984,7479,360
5996,7187,361
6003,7641,362
6010,7170,363
6017,7993,364
6023,6280,365
6030,8958,366
6044,6666,367
6054,6452,368
6076,6673,369
6123,6360,370
6127,9785,371
6153,6408,372
6182,8845,373
6184,6240,374
6198,7058,375
6229,6341,376
6251,7041,377
6319,7431,378
6321,7003,379
6324,6348,380
6334,6560,381
6355,6968,382
6361,6931,383
6366,6382,384
6391,7521,385
6429,7242,386
6479,10284,387
6498,7317,388
6499,6613,389
6550,6897,390
6564,6885,391
6579,6890,392
6605,9276,393
6637,7537,394
6672,8203,395
6675,9603,396
6689,7596,397
6717,7812,398
6755,7187,399
6760,7107,400
6769,7132,401
6786,7069,402
6801,7521,403
6820,9816,404
6821,6923,405
6858,8379,406
6861,6918,407
6938,8317,408
6946,8660,409
6958,11175,410
6960,8775,411
7040,10526,412
7064,7088,413
7071,7569,414
7080,7686,415
7119,7643,416
7126,7969,417
7153,7271,418
7169,7366,419
7179,7579,420
7202,7910,421
7218,9798,422
7238,8523,423
7239,8306,424
7263,7571,425
7289,7861,426
7296,7494,427
7299,8981,428
7304,7777,429
7357,7598,430
7372,7386,431
7388,8223,432
7393,8169,433
7396,8033,434
7407,8196,435
7412,8091,436
7413,7625,437
7418,7750,438
7421,8221,439
7427,8194,440
7433,10600,441
7440,8531,442
7442,9923,443
7446,7779,444
7469,8674,445
7493,7636,446
7496,7671,447
7519,8590,448
7535,8085,449
7536,7855,450
7547,8023,451
7631,7688,452
7662,8315,453
7693,7695,454
7695,9288,455
7741,7913,456
7753,8086,457
7786,8389,458
7833,8808,459
7834,13726,460
7851,8079,461
7864,8137,462
7865,8188,463
7911,8726,464
7952,8240,465
7958,9362,466
7968,7985,467
7989,14120,468
8044,8631,469
8069,8946,470
8087,9210,471
8125,9593,472
8155,8525,473
8162,9210,474
8170,10425,475
8177,9804,476
8184,8211,477
8192,10077,478
8198,8320,479
8200,8834,480
8211,9614,481
8224,9042,482
8241,9666,483
8242,8988,484
8262,8274,485
8263,8603,486
8264,8653,487
8278,8675,488
8289,8345,489
8349,8690,490
8353,9346,491
8368,9439,492
8385,8770,493
8433,8845,494
8489,8650,495
8490,9084,496
8501,9095,497
8508,10833,498
8575,9590,499
8583,10460,500
8609,8798,501
8611,8746,502
8613,10767,503
8615,9813,504
8643,9339,505
8702,9236,506
8781,12886,507
8818,9066,508
8829,10786,509
8831,10217,510
8867,10430,511
8885,9031,512
8929,9053,513
8956,11266,514
8967,9003,515
8994,10703,516
9004,9859,517
9021,9193,518
9024,10187,519
9034,13326,520
9051,9422,521
9052,9101,522
9062,9549,523
9068,10009,524
9080,9368,525
9098,10269,526
9106,11414,527
9112,9690,528
9141,9573,529
9142,9176,530
9144,9246,531
9179,13408,532
9202,9967,533
9204,10213,534
9219,9374,535
9231,10656,536
9245,9464,537
9254,9690,538
9260,12688,539
9263,12067,540
9273,10032,541
9382,10425,542
9413,10580,543
9417,9782,544
9425,9540,545
9443,9675,546
9445,9447,547
9472,10328,548
9484,9740,549
9497,10009,550
9529,10562,551
9555,10556,552
9579,9903,553
9618,12506,554
9623,11537,555
9624,9841,556
9640,11205,557
9657,14419,558
9662,9759,559
9676,11103,560
9710,10620,561
9718,10033,562
9727,12022,563
9747,9974,564
9756,10874,565
9767,11137,566
9784,9827,567
9807,11885,568
9808,10985,569
9814,10125,570
9850,12934,571
9889,10205,572
9913,10097,573
9915,10989,574
9916,10661,575
9917,10411,576
9931,12905,577
9936,14073,578
9937,10127,579
9952,9965,580
9962,9990,581
9977,10258,582
9982,10840,583
