0,39,0
2,106,1
8,614,2
9,472,3
16,850,4
23,1285,5
25,2541,6
28,351,7
37,2409,8
39,2364,9
55,341,10
65,410,11
68,318,12
76,157,13
80,231,14
81,162,15
82,1132,16
87,305,17
91,335,18
93,590,19
94,1895,20
100,206,21
114,273,22
121,1041,23
123,2212,24
132,155,25
140,321,26
148,1383,27
151,1382,28
176,1492,29
178,565,30
181,223,31
203,251,32
219,640,33
223,494,34
230,5422,35
235,237,36
236,527,37
257,1160,38
258,862,39
272,1181,40
274,2074,41
289,1016,42
306,2189,43
316,4262,44
317,3146,45
334,543,46
336,6106,47
339,1360,48
353,478,49
354,1253,50
360,1741,51
367,514,52
368,2787,53
370,2321,54
383,426,55
385,3353,56
386,3372,57
397,4233,58
411,549,59
423,2644,60
429,1785,61
443,1104,62
448,788,63
469,705,64
471,929,65
478,1009,66
482,1102,67
487,889,68
489,822,69
493,845,70
494,1513,71
495,1624,72
511,941,73
519,2068,74
526,820,75
546,864,76
554,3136,77
575,1637,78
582,843,79
590,2060,80
614,889,81
619,2075,82
630,1522,83
638,2215,84
639,1073,85
660,1292,86
674,3816,87
677,1255,88
681,880,89
695,898,90
736,1386,91
737,967,92
748,1048,93
749,1277,94
762,1397,95
768,784,96
770,3446,97
772,1601,98
780,1461,99
784,950,100
792,993,101
799,3401,102
839,1663,103
841,1442,104
870,1888,105
872,1678,106
877,3425,107
882,1066,108
883,2284,109
893,1866,110
894,1783,111
904,3034,112
905,1078,113
906,2006,114
916,1492,115
953,1849,116
954,1923,117
956,1196,118
970,1466,119
975,1666,120
976,1152,121
978,1050,122
987,1414,123
990,1100,124
1011,1325,125
1017,2951,126
1021,1435,127
1023,1046,128
1028,1330,129
1049,2454,130
1060,1104,131
1061,1763,132
1086,2028,133
1115,1768,134
1127,1252,135
1133,1440,136
1158,2066,137
1163,1762,138
1183,4562,139
1195,1328,140
1206,3180,141
1229,3768,142
1244,2104,143
1245,1779,144
1250,2450,145
1285,1305,146
1301,2023,147
1310,1868,148
1312,2041,149
1337,2849,150
1344,2024,151
1354,1411,152
1355,3367,153
1386,2365,154
1387,2061,155
1420,1669,156
1422,1652,157
1425,4230,158
1436,1617,159
1453,1876,160
1462,2747,161
1509,1654,162
1514,3735,163
1523,1549,164
1535,2858,165
1554,2526,166
1555,2486,167
1562,5082,168
1572,2771,169
1582,1676,170
1592,2017,171
1600,3547,172
1603,3081,173
1617,5608,174
1622,3758,175
1630,1703,176
1634,2090,177
1635,1688,178
1643,3518,179
1668,1769,180
1675,2057,181
1683,1936,182
1706,1801,183
1711,2906,184
1716,4858,185
1718,2281,186
1727,2775,187
1730,3408,188
1749,2247,189
1756,2232,190
1792,2003,191
1800,2724,192
1802,5306,193
1812,2756,194
1817,2052,195
1821,8021,196
1836,4389,197
1837,2114,198
1842,2142,199
1846,1945,200
1848,4822,201
1850,2750,202
1862,3901,203
1866,3094,204
1877,1930,205
1884,5184,206
1898,2022,207
1905,3469,208
1907,2416,209
1918,2055,210
1959,2409,211
1979,2595,212
1987,2723,213
2006,4347,214
2024,2206,215
2035,2347,216
2048,3558,217
2054,2675,218
2063,3335,219
2064,2298,220
2087,2328,221
2088,2979,222
2092,2746,223
2109,4637,224
2112,4768,225
2129,2330,226
2130,4570,227
2136,2309,228
2137,3647,229
2142,2254,230
2158,2215,231
2174,3272,232
2175,2648,233
2176,2465,234
2178,2659,235
2183,2583,236
2207,3184,237
2220,3746,238
2222,2542,239
2226,4025,240
2228,4320,241
2251,2911,242
2262,3361,243
2264,3617,244
2271,2451,245
2272,3254,246
2275,4248,247
2286,7773,248
2294,2810,249
2296,2409,250
2297,2743,251
2300,2827,252
2315,3412,253
2320,3707,254
2326,2778,255
2342,5408,256
2348,3516,257
2352,2534,258
2372,2439,259
2374,4437,260
2392,2468,261
2396,4288,262
2397,6108,263
2414,2696,264
2426,3015,265
2441,3331,266
2446,2941,267
2449,3461,268
2460,3598,269
2462,3219,270
2468,2583,271
2471,2502,272
2475,2738,273
2490,2692,274
2493,2730,275
2494,4714,276
2495,4164,277
2496,2952,278
2507,4259,279
2514,2997,280
2524,3731,281
2526,2663,282
2536,3487,283
2543,2894,284
2550,3247,285
2562,4194,286
2570,2757,287
2572,2950,288
2577,6643,289
2582,2951,290
2609,3492,291
2620,3111,292
2622,3776,293
2625,3165,294
2628,5839,295
2636,2744,296
2642,4060,297
2653,3081,298
2669,3143,299
2670,5497,300
2674,3799,301
2683,2850,302
2690,3312,303
2696,2778,304
2697,2959,305
2717,2765,306
2725,3458,307
2728,3413,308
2736,4670,309
2737,4204,310
2752,3268,311
2757,3049,312
2759,2776,313
2763,4640,314
2785,3205,315
2787,4323,316
2791,3511,317
2795,3106,318
2803,6039,319
2805,3495,320
2820,3484,321
2825,4651,322
2832,2848,323
2837,2998,324
2843,4851,325
2844,6101,326
2846,2916,327
2848,3162,328
2851,3161,329
2852,4026,330
2853,3577,331
2876,4098,332
2877,3136,333
2878,3593,334
2890,4087,335
2892,3190,336
2906,3495,337
2957,3099,338
2971,3800,339
2973,3033,340
2974,3457,341
2986,4336,342
2993,4852,343
3004,3199,344
3005,3230,345
3006,3224,346
3013,3638,347
3023,4007,348
3025,3205,349
3027,3880,350
3028,3302,351
3039,4363,352
3042,4769,353
3052,3723,354
3062,3543,355
3063,4747,356
3070,3310,357
3071,3500,358
3080,3761,359
3081,4576,360
3087,4278,361
3091,4729,362
3095,4255,363
3099,5075,364
3102,3359,365
3106,6034,366
3113,3735,367
3118,3516,368
3129,3726,369
3153,3390,370
3155,6813,371
3168,3423,372
3183,5846,373
3184,3240,374
3191,4051,375
3207,3319,376
3218,4008,377
3252,4364,378
3253,3935,379
3255,3279,380
3260,3486,381
3271,3884,382
3274,3844,383
3277,3293,384
3290,4420,385
3309,4122,386
3334,7139,387
3344,4163,388
3345,3459,389
3371,3718,390
3378,3699,391
3386,3697,392
3399,6070,393
3415,4315,394
3433,4964,395
3435,6363,396
3442,4349,397
3456,4551,398
3475,3907,399
3478,3825,400
3483,3846,401
3492,3775,402
3500,4220,403
3510,6506,404
3511,3613,405
3530,5051,406
3532,3589,407
3571,4950,408
3575,5289,409
3581,7798,410
3582,5397,411
3622,7108,412
3634,3658,413
3638,4136,414
3643,4249,415
3663,4187,416
3667,4510,417
3681,3799,418
3689,3886,419
3694,4094,420
3706,4414,421
3714,6294,422
3724,5009,423
3725,4792,424
3737,4045,425
3750,4322,426
3754,3952,427
3756,5438,428
3759,4232,429
3786,4027,430
3794,3808,431
3802,4637,432
3805,4581,433
3807,4444,434
3813,4602,435
3816,4495,436
3817,4029,437
3820,4152,438
3822,4622,439
3825,4592,440
3828,6995,441
3832,4923,442
3833,6314,443
3835,4168,444
3847,5052,445
3859,4002,446
3861,4036,447
3873,4944,448
3881,4431,449
3882,4201,450
3888,4364,451
3930,3987,452
3946,4599,453
3962,3964,454
3963,5556,455
3986,4158,456
3992,4325,457
4009,4612,458
4033,5008,459
4034,9926,460
4043,4271,461
4050,4323,462
4051,4374,463
4074,4889,464
4095,4383,465
4098,5502,466
4103,4120,467
4114,10245,468
4142,4729,469
4155,5032,470
4164,5287,471
4183,5651,472
4198,4568,473
4202,5250,474
4206,6461,475
4210,5837,476
4214,4241,477
4218,6103,478
4221,4343,479
4222,4856,480
4228,5631,481
4235,5053,482
4244,5669,483
4245,4991,484
4255,4267,485
4256,4596,486
4257,4646,487
4264,4661,488
4270,4326,489
4300,4641,490
4302,5295,491
4310,5381,492
4319,4704,493
4343,4755,494
4371,4532,495
4372,4966,496
4378,4972,497
4382,6707,498
4416,5431,499
4420,6297,500
4433,4622,501
4434,4569,502
4435,6589,503
4436,5634,504
4450,5146,505
4480,5014,506
4520,8625,507
4539,4787,508
4545,6502,509
4546,5932,510
4564,6127,511
4573,4719,512
4595,4719,513
4609,6919,514
4615,4651,515
4629,6338,516
4634,5489,517
4643,4815,518
4645,5808,519
4650,8942,520
4659,5030,521
4660,4709,522
4665,5152,523
4668,5609,524
4674,4962,525
4683,5854,526
4687,6995,527
4690,5268,528
4705,5137,529
4706,4740,530
4707,4809,531
4725,8954,532
4737,5502,533
4738,5747,534
4746,4901,535
4752,6177,536
4759,4978,537
4764,5200,538
4767,8195,539
4769,7573,540
4774,5533,541
4829,5872,542
4845,6012,543
4847,5212,544
4851,4966,545
4860,5092,546
4861,4863,547
4875,5731,548
4881,5137,549
4888,5400,550
4904,5937,551
4917,5918,552
4929,5253,553
4949,7837,554
4952,6866,555
4953,5170,556
4961,6526,557
4970,9732,558
4973,5070,559
4980,6407,560
4997,5907,561
5001,5316,562
5006,7301,563
5016,5243,564
5021,6139,565
5027,6397,566
5036,5079,567
5048,7126,568
5049,6226,569
5052,5363,570
5070,8154,571
5090,5406,572
5102,5286,573
5103,6177,574
5104,5849,575
5105,5599,576
5112,8086,577
5115,9252,578
5116,5306,579
5124,5137,580
5129,5157,581
5137,5418,582
5140,5998,583
5158,6751,584
5177,6403,585
5184,5382,586
5190,5867,587
5200,5532,588
5212,6872,589
5217,8997,590
5221,8469,591
5249,5339,592
5260,6110,593
5279,5857,594
5293,5652,595
5296,5413,596
5299,7803,597
5310,5476,598
5322,5735,599
5349,5584,600
5363,6203,601
5370,5544,602
5377,6764,603
5383,6324,604
5392,5797,605
5399,7190,606
5404,6517,607
5407,5504,608
5421,7000,609
5445,6197,610
5455,5719,611
5459,5461,612
5479,6558,613
5483,5877,614
5484,9584,615
5487,5939,616
5488,6772,617
5494,5801,618
5497,6391,619
5499,6711,620
5500,5866,621
5503,7202,622
5530,5653,623
5535,10718,624
5537,5540,625
5551,6884,626
5568,5661,627
5589,6032,628
5612,5965,629
5624,6120,630
5636,7460,631
5639,6803,632
5671,6023,633
5683,6747,634
5689,6735,635
5693,6069,636
5698,6714,637
5701,6197,638
5718,7093,639
5732,7258,640
5733,7104,641
5760,10910,642
5764,6356,643
5775,5822,644
5817,6317,645
5818,6751,646
5864,6449,647
5865,12683,648
5873,6325,649
5874,6264,650
5880,6032,651
5886,8938,652
5904,5933,653
5905,6123,654
5907,6295,655
5909,7033,656
5916,6510,657
5925,6612,658
5930,7624,659
5937,8420,660
5940,7665,661
5941,7589,662
5945,6648,663
5953,6175,664
5961,6710,665
5962,6164,666
5971,7763,667
5973,5985,668
5980,8041,669
5989,6881,670
6005,6445,671
6011,8081,672
6016,6703,673
6021,7824,674
6034,6374,675
6055,7053,676
6061,7194,677
6074,6876,678
6087,6155,679
6091,6114,680
6121,8892,681
6126,6217,682
6134,7107,683
6157,6983,684
6179,6833,685
6184,6470,686
6191,6323,687
6195,6269,688
6202,6737,689
6218,6812,690
6222,7652,691
6230,7139,692
6231,7013,693
6243,6747,694
6247,7654,695
6261,7357,696
6279,7501,697
6284,9118,698
6288,6426,699
6295,7598,700
6304,8112,701
6305,6475,702
6309,6379,703
6325,6555,704
6334,7717,705
6336,11558,706
6343,6855,707
6352,6438,708
6367,7931,709
6369,8308,710
6390,7550,711
6393,6740,712
6395,7799,713
6402,7447,714
6406,7093,715
6424,6488,716
6433,8787,717
6436,9793,718
6449,7206,719
6458,8206,720
6459,7257,721
6462,6485,722
6473,6595,723
6478,8069,724
6487,10145,725
6489,7125,726
6507,7924,727
6521,8244,728
6523,7352,729
6526,12704,730
6533,6969,731
6535,7069,732
6538,8588,733
6543,6579,734
6553,6858,735
6560,7007,736
6567,6577,737
6568,6760,738
6573,7230,739
6576,8042,740
6590,6681,741
6593,8887,742
6601,7430,743
6607,9147,744
6628,7202,745
6632,7018,746
6640,6890,747
6662,8139,748
6663,8517,749
6673,7241,750
6676,6810,751
6682,6858,752
6690,7475,753
6691,10138,754
6701,7059,755
6715,9330,756
6717,7712,757
6719,8008,758
6738,7946,759
6742,7619,760
6745,6905,761
6752,7619,762
6756,8806,763
6761,7817,764
6762,7955,765
6771,7829,766
6773,7174,767
6776,6898,768
6810,7392,769
6818,11344,770
6822,8242,771
6823,9345,772
6834,7151,773
6840,7336,774
6848,7094,775
6849,6869,776
6856,7457,777
6863,8332,778
6880,7128,779
6896,7452,780
6917,7122,781
6920,8851,782
6922,7427,783
6941,7982,784
6950,11543,785
6962,7074,786
6963,7289,787
6974,7215,788
6988,7152,789
7007,7045,790
7011,8029,791
7012,7892,792
7019,9202,793
7022,9510,794
7025,8028,795
7031,7041,796
7034,7219,797
7036,7953,798
7046,7198,799
7048,7552,800
7067,9975,801
7068,7136,802
7077,7463,803
7086,7459,804
7091,7287,805
7094,9821,806
7109,7360,807
7112,8599,808
7126,8050,809
7129,8885,810
7136,11746,811
7141,7805,812
7149,7273,813
7150,7956,814
7173,8780,815
7175,8887,816
7177,8046,817
7186,8294,818
7205,8612,819
7225,8698,820
7227,8908,821
7238,8462,822
7250,7577,823
7255,7875,824
7269,9235,825
7272,8040,826
7273,7327,827
7315,7694,828
7316,7845,829
7358,7686,830
7360,7520,831
7373,7663,832
7385,7862,833
7390,7793,834
7396,7820,835
7400,9182,836
7410,7932,837
7412,10825,838
7418,9186,839
7422,8087,840
7434,7829,841
7442,9468,842
7444,7703,843
7458,8396,844
7463,11297,845
7470,8820,846
7479,7972,847
7493,7693,848
7494,9856,849
7498,7975,850
7514,13008,851
7522,8562,852
7525,7979,853
7532,8409,854
7539,7644,855
7564,7851,856
7570,7651,857
7593,8256,858
7623,7653,859
7625,8232,860
7626,8603,861
7642,8117,862
7651,8992,863
7656,7910,864
7657,9242,865
7663,9384,866
7666,8149,867
7672,8043,868
7692,7895,869
7693,11633,870
7703,7976,871
7710,8512,872
7712,7983,873
7714,8568,874
7738,8911,875
7748,8992,876
7759,10451,877
7760,8643,878
7791,8620,879
7806,7906,880
7808,8582,881
7837,8232,882
7854,8090,883
7855,8737,884
7885,8145,885
7886,8383,886
7898,9178,887
7900,9544,888
7902,8276,889
7909,8094,890
7920,8447,891
7921,8516,892
7933,8099,893
7939,9695,894
7959,8463,895
7961,8278,896
7963,9466,897
7976,8472,898
7993,9030,899
7997,11388,900
8002,8059,901
8003,9675,902
8004,9986,903
8023,8495,904
8033,8459,905
8051,8120,906
8058,8932,907
8062,8225,908
8065,8564,909
8066,9324,910
8067,8568,911
8068,8244,912
8071,8391,913
8083,8233,914
8087,8419,915
8095,9586,916
8097,8543,917
8105,9996,918
8113,8521,919
8114,8600,920
8121,9797,921
8131,8478,922
8136,8925,923
8138,8259,924
8142,9776,925
8144,9363,926
8147,12076,927
8149,9097,928
8150,8918,929
8166,9090,930
8170,8469,931
8173,8480,932
8174,9053,933
8183,8413,934
8192,8497,935
8197,9792,936
8202,9751,937
8205,8519,938
8217,9595,939
8231,9074,940
8234,9987,941
8237,8764,942
8248,10077,943
8257,14778,944
8263,10321,945
8279,8919,946
8281,10987,947
8282,9608,948
8286,9075,949
8289,8524,950
8320,10546,951
8338,9666,952
8348,9317,953
8353,9753,954
8373,8957,955
8381,8770,956
8386,8445,957
8388,9660,958
8389,8838,959
8398,8701,960
8413,8939,961
8414,8763,962
8418,9593,963
8436,8933,964
8442,8633,965
8445,10684,966
8462,8745,967
8465,8862,968
8471,9749,969
8510,9269,970
8517,9497,971
8522,9124,972
8524,9196,973
8547,8934,974
8550,9621,975
8560,9113,976
8572,8649,977
8586,8957,978
8591,10283,979
8593,9183,980
8598,8610,981
8613,9879,982
8635,12369,983
8637,10347,984
8638,8994,985
8641,8849,986
8642,9035,987
8643,9047,988
8654,9689,989
8684,9548,990
8693,9683,991
8697,10432,992
8707,11338,993
8716,8957,994
8724,8993,995
8727,12042,996
8740,9709,997
8754,9350,998
8758,9216,999
8780,8897,1000
8786,10145,1001
8790,9057,1002
8791,9412,1003
8798,9439,1004
8801,9655,1005
8820,8973,1006
8830,9822,1007
8851,8888,1008
8865,11111,1009
8874,11352,1010
8875,10631,1011
8889,10719,1012
8911,10208,1013
8912,13853,1014
8918,9749,1015
8921,10341,1016
8936,8984,1017
8942,10585,1018
8946,9381,1019
8964,9928,1020
8965,8976,1021
8966,9233,1022
8971,9418,1023
8995,9671,1024
9010,12336,1025
9012,9216,1026
9026,9930,1027
9029,11791,1028
9031,9131,1029
9041,10054,1030
9042,10836,1031
9044,10499,1032
9068,11099,1033
9076,10040,1034
9080,9423,1035
9096,11020,1036
9127,10587,1037
9130,9594,1038
9132,9677,1039
9135,9161,1040
9146,9346,1041
9147,11159,1042
9156,12022,1043
9157,10601,1044
9183,10681,1045
9199,12678,1046
9219,9240,1047
9230,9519,1048
9234,11516,1049
9240,11487,1050
9247,9291,1051
9264,9444,1052
9265,9300,1053
9271,9464,1054
9278,11138,1055
9289,10029,1056
9310,10369,1057
9313,10847,1058
9316,10697,1059
9326,9533,1060
9328,9639,1061
9330,9868,1062
9336,10342,1063
9339,10294,1064
9376,10451,1065
9386,10245,1066
9391,10179,1067
9405,13150,1068
9413,9622,1069
9422,10561,1070
9424,9821,1071
9426,9817,1072
9430,11249,1073
9456,10076,1074
9474,10088,1075
9477,10301,1076
9480,9596,1077
9484,10830,1078
9498,9565,1079
9500,12484,1080
9511,14795,1081
9516,9798,1082
9517,9705,1083
9533,9692,1084
9544,9637,1085
9546,10494,1086
9547,10224,1087
9549,11323,1088
9560,9619,1089
9567,10068,1090
9568,10079,1091
9574,14829,1092
9584,10648,1093
9590,13069,1094
9602,10959,1095
9604,9785,1096
9619,9935,1097
9638,10187,1098
9651,9718,1099
9672,10001,1100
9688,9794,1101
9694,9966,1102
9716,10551,1103
9718,9802,1104
9726,10990,1105
9746,9873,1106
9758,10341,1107
9763,9810,1108
9776,13291,1109
9778,10320,1110
9779,9861,1111
9796,10423,1112
9808,10459,1113
9847,12845,1114
9848,10126,1115
9861,10059,1116
9880,12768,1117
9889,10076,1118
9914,11177,1119
9917,9926,1120
9963,10228,1121
9967,11541,1122
9977,9997,1123
9993,10413,1124
9995,11003,1125
9999,10101,1126
