0,39,0
2,106,1
7,613,2
8,471,3
14,848,4
20,1282,5
22,2538,6
25,348,7
33,2405,8
35,2360,9
48,334,10
56,401,11
58,308,12
65,146,13
68,219,14
69,150,15
70,1120,16
74,292,17
77,321,18
78,575,19
79,1880,20
84,190,21
95,254,22
101,1021,23
103,2192,24
110,133,25
116,297,26
123,1358,27
126,1357,28
146,1462,29
148,535,30
150,192,31
168,216,32
181,602,33
184,455,34
190,5382,35
194,196,36
195,486,37
212,1115,38
213,817,39
224,1133,40
226,2026,41
238,965,42
252,2135,43
260,4206,44
261,3090,45
275,484,46
277,6047,47
280,1301,48
292,417,49
293,1192,50
298,1679,51
304,451,52
305,2724,53
307,2258,54
317,360,55
319,3287,56
320,3306,57
329,4165,58
340,478,59
350,2571,60
355,1711,61
367,1028,62
371,711,63
388,624,64
389,847,65
395,926,66
398,1018,67
402,804,68
404,737,69
407,759,70
408,1427,71
409,1538,72
422,852,73
429,1978,74
435,729,75
451,769,76
458,3040,77
475,1537,78
481,742,79
487,1957,80
507,782,81
511,1967,82
520,1412,83
526,2103,84
527,961,85
544,1176,86
555,3697,87
558,1136,88
561,760,89
572,775,90
605,1255,91
606,836,92
615,915,93
616,1144,94
626,1261,95
631,647,96
633,3309,97
635,1464,98
641,1322,99
644,810,100
650,851,101
655,3257,102
687,1511,103
689,1290,104
712,1730,105
714,1520,106
718,3266,107
722,906,108
723,2124,109
731,1704,110
732,1621,111
740,2870,112
741,914,113
742,1842,114
750,1326,115
779,1675,116
780,1749,117
782,1022,118
793,1289,119
797,1488,120
798,974,121
800,872,122
807,1234,123
810,920,124
827,1141,125
832,2766,126
835,1249,127
837,860,128
841,1143,129
858,2263,130
867,911,131
868,1570,132
888,1830,133
911,1564,134
921,1046,135
926,1233,136
946,1854,137
950,1549,138
966,4345,139
976,1109,140
985,2959,141
1003,3542,142
1015,1875,143
1016,1550,144
1020,2220,145
1048,1068,146
1061,1783,147
1068,1626,148
1070,1799,149
1090,2602,150
1096,1776,151
1104,1161,152
1105,3117,153
1130,2109,154
1131,1805,155
1158,1407,156
1160,1390,157
1163,3968,158
1172,1353,159
1186,1609,160
1194,2479,161
1232,1377,162
1236,3457,163
1244,1270,164
1254,2577,165
1269,2241,166
1270,2201,167
1276,4796,168
1284,2483,169
1292,1386,170
1300,1725,171
1307,3254,172
1309,2787,173
1321,5312,174
1325,3461,175
1331,1404,176
1334,1790,177
1335,1388,178
1341,3216,179
1361,1462,180
1367,1749,181
1374,1627,182
1392,1487,183
1396,2591,184
1400,4542,185
1401,1964,186
1408,2456,187
1410,3088,188
1425,1923,189
1431,1907,190
1460,1671,191
1467,2391,192
1469,4973,193
1477,2421,194
1481,1716,195
1484,7684,196
1496,4049,197
1497,1774,198
1501,1801,199
1504,1603,200
1506,4480,201
1508,2408,202
1517,3556,203
1520,2748,204
1529,1582,205
1534,4834,206
1545,1669,207
1551,3115,208
1553,2062,209
1562,1699,210
1595,2045,211
1611,2227,212
1618,2354,213
1634,3975,214
1649,1831,215
1658,1970,216
1668,3178,217
1673,2294,218
1680,2952,219
1681,1915,220
1699,1940,221
1700,2591,222
1703,2357,223
1717,4245,224
1719,4375,225
1733,1934,226
1734,4174,227
1739,1912,228
1740,3250,229
1744,1856,230
1757,1814,231
1770,2868,232
1771,2244,233
1772,2061,234
1773,2254,235
1777,2177,236
1796,2773,237
1806,3332,238
1808,2128,239
1811,3610,240
1813,3905,241
1831,2491,242
1840,2939,243
1842,3195,244
1848,2028,245
1849,2831,246
1851,3824,247
1860,7347,248
1867,2383,249
1869,1982,250
1870,2316,251
1873,2400,252
1885,2982,253
1889,3276,254
1894,2346,255
1907,4973,256
1912,3080,257
1915,2097,258
1931,1998,259
1932,3995,260
1947,2023,261
1950,3842,262
1951,5662,263
1965,2247,264
1975,2564,265
1987,2877,266
1991,2486,267
1993,3005,268
2002,3140,269
2004,2761,270
2009,2124,271
2012,2043,272
2015,2278,273
2027,2229,274
2030,2267,275
2031,4251,276
2032,3701,277
2033,2489,278
2042,3794,279
2048,2531,280
2056,3263,281
2057,2194,282
2065,3016,283
2071,2422,284
2077,2774,285
2087,3719,286
2094,2281,287
2096,2474,288
2100,6166,289
2104,2473,290
2125,3008,291
2134,2625,292
2136,3290,293
2138,2678,294
2140,5351,295
2147,2255,296
2152,3570,297
2161,2589,298
2174,2648,299
2175,5002,300
2179,3304,301
2186,2353,302
2192,2814,303
2197,2279,304
2198,2460,305
2214,2262,306
2221,2954,307
2224,2909,308
2230,4164,309
2231,3698,310
2243,2759,311
2247,2539,312
2249,2266,313
2252,4129,314
2270,2690,315
2272,3808,316
2275,2995,317
2278,2589,318
2284,5520,319
2285,2975,320
2297,2961,321
2301,4127,322
2307,2323,323
2311,2472,324
2316,4324,325
2317,5574,326
2319,2389,327
2320,2634,328
2322,2632,329
2323,3497,330
2324,3048,331
2342,3564,332
2343,2602,333
2344,3059,334
2354,3551,335
2356,2654,336
2368,2957,337
2409,2551,338
2420,3249,339
2422,2482,340
2423,2906,341
2433,3783,342
2439,4298,343
2448,2643,344
2449,2674,345
2450,2668,346
2456,3081,347
2464,3448,348
2466,2646,349
2468,3321,350
2469,2743,351
2478,3802,352
2481,4208,353
2489,3160,354
2497,2978,355
2498,4182,356
2504,2744,357
2505,2934,358
2512,3193,359
2513,4008,360
2518,3709,361
2521,4159,362
2524,3684,363
2527,4503,364
2530,2787,365
2533,5461,366
2539,3161,367
2543,2941,368
2552,3149,369
2571,2808,370
2573,6231,371
2584,2839,372
2596,5259,373
2597,2653,374
2603,3463,375
2616,2728,376
2625,3415,377
2653,3765,378
2654,3336,379
2655,2679,380
2659,2885,381
2668,3281,382
2671,3241,383
2673,2689,384
2683,3813,385
2698,3511,386
2718,6523,387
2726,3545,388
2727,2841,389
2748,3095,390
2754,3075,391
2760,3071,392
2771,5442,393
2784,3684,394
2798,4329,395
2799,5727,396
2805,3712,397
2816,3911,398
2832,3264,399
2834,3181,400
2838,3201,401
2845,3128,402
2851,3571,403
2859,5855,404
2860,2962,405
2875,4396,406
2876,2933,407
2907,4286,408
2910,4624,409
2915,7132,410
2916,4731,411
2948,6434,412
2958,2982,413
2961,3459,414
2965,3571,415
2981,3505,416
2984,3827,417
2995,3113,418
3002,3199,419
3006,3406,420
3016,3724,421
3023,5603,422
3031,4316,423
3032,4099,424
3042,3350,425
3053,3625,426
3056,3254,427
3057,4739,428
3059,3532,429
3081,3322,430
3087,3101,431
3094,3929,432
3096,3872,433
3098,3735,434
3103,3892,435
3105,3784,436
3106,3318,437
3108,3440,438
3109,3909,439
3112,3879,440
3115,6282,441
3118,4209,442
3119,5600,443
3121,3454,444
3130,4335,445
3140,3283,446
3141,3316,447
3150,4221,448
3157,3707,449
3158,3477,450
3163,3639,451
3197,3254,452
3210,3863,453
3223,3225,454
3224,4817,455
3243,3415,456
3248,3581,457
3261,3864,458
3280,4255,459
3281,9173,460
3288,3516,461
3293,3566,462
3294,3617,463
3313,4128,464
3330,3618,465
3333,4737,466
3337,3354,467
3346,9477,468
3368,3955,469
3378,4255,470
3386,4509,471
3402,4870,472
3414,3784,473
3417,4465,474
3421,5676,475
3424,5051,476
3427,3454,477
3431,5316,478
3434,3556,479
3435,4069,480
3440,4843,481
3445,4263,482
3452,4877,483
3453,4199,484
3461,3473,485
3462,3802,486
3463,3852,487
3469,3866,488
3474,3530,489
3498,3839,490
3500,4493,491
3506,4577,492
3513,3898,493
3532,3944,494
3555,3716,495
3556,4150,496
3561,4155,497
3564,5889,498
3591,4606,499
3595,5472,500
3606,3795,501
3607,3742,502
3608,5762,503
3609,4807,504
3620,4316,505
3644,4178,506
3676,7781,507
3691,3939,508
3696,5653,509
3697,5083,510
3712,5275,511
3719,3865,512
3737,3861,513
3748,6058,514
3753,3789,515
3764,5473,516
3768,4623,517
3775,3947,518
3776,4939,519
3780,8072,520
3787,4158,521
3788,3837,522
3792,4279,523
3795,4736,524
3800,4088,525
3807,4978,526
3811,6119,527
3814,4392,528
3826,4258,529
3827,3861,530
3828,3930,531
3842,8071,532
3852,4617,533
3853,4862,534
3859,4014,535
3864,5289,536
3870,4089,537
3874,4310,538
3877,7305,539
3879,6683,540
3883,4642,541
3927,4970,542
3940,5107,543
3942,4307,544
3946,4061,545
3953,4185,546
3954,3956,547
3965,4821,548
3970,4226,549
3976,4488,550
3989,5022,551
4000,5001,552
4010,4334,553
4026,6914,554
4028,5942,555
4029,4246,556
4036,5601,557
4043,8805,558
4045,4142,559
4051,5478,560
4065,4975,561
4068,4383,562
4072,6367,563
4080,4307,564
4084,5202,565
4089,5459,566
4096,4139,567
4105,6183,568
4106,5283,569
4109,4420,570
4124,7208,571
4140,4456,572
4150,4334,573
4151,5225,574
4152,4897,575
4153,4647,576
4159,7133,577
4161,8298,578
4162,4352,579
4168,4181,580
4172,4200,581
4178,4459,582
4180,5038,583
4194,5787,584
4210,5436,585
4216,4414,586
4221,4898,587
4229,4561,588
4239,5899,589
4243,8023,590
4247,7495,591
4269,4359,592
4278,5128,593
4293,4871,594
4304,4663,595
4306,4423,596
4308,6812,597
4317,4483,598
4326,4739,599
4348,4583,600
4359,5199,601
4364,4538,602
4370,5757,603
4375,5316,604
4382,4787,605
4388,6179,606
4392,5505,607
4394,4491,608
4406,5985,609
4425,5177,610
4433,4697,611
4436,4438,612
4452,5531,613
4455,4849,614
4456,8556,615
4458,4910,616
4459,5743,617
4464,4771,618
4467,5361,619
4469,5681,620
4470,4836,621
4473,6172,622
4494,4617,623
4498,9681,624
4499,4502,625
4510,5843,626
4524,4617,627
4541,4984,628
4559,4912,629
4568,5064,630
4577,6401,631
4579,5743,632
4605,4957,633
4614,5678,634
4619,5665,635
4623,4999,636
4627,5643,637
4630,5126,638
4644,6019,639
4655,6181,640
4656,6027,641
4678,9828,642
4682,5274,643
4691,4738,644
4725,5225,645
4726,5659,646
4763,5348,647
4764,11582,648
4771,5223,649
4772,5162,650
4777,4929,651
4782,7834,652
4796,4825,653
4797,5015,654
4798,5186,655
4800,5924,656
4806,5400,657
4814,5501,658
4818,6512,659
4824,7307,660
4826,6551,661
4827,6475,662
4831,5534,663
4837,5059,664
4843,5592,665
4844,5046,666
4851,6643,667
4853,4865,668
4859,6920,669
4867,5759,670
4880,5320,671
4885,6955,672
4889,5576,673
4893,6696,674
4904,5244,675
4921,5919,676
4926,6059,677
4937,5739,678
4948,5016,679
4952,4975,680
4976,7747,681
4980,5071,682
4986,5959,683
5005,5831,684
5023,5677,685
5027,5313,686
5033,5165,687
5036,5110,688
5041,5576,689
5054,5648,690
5057,6487,691
5064,5973,692
5065,5847,693
5075,5579,694
5079,6486,695
5090,6186,696
5105,6327,697
5109,7943,698
5113,5251,699
5119,6422,700
5126,6934,701
5127,5297,702
5130,5200,703
5143,5373,704
5150,6533,705
5151,10373,706
5157,5669,707
5164,5250,708
5176,6740,709
5177,7116,710
5194,6354,711
5197,5544,712
5199,6603,713
5205,6250,714
5208,5895,715
5222,5286,716
5229,7583,717
5232,8589,718
5242,5999,719
5250,6998,720
5251,6049,721
5254,5277,722
5263,5385,723
5267,6858,724
5274,8932,725
5276,5912,726
5290,6707,727
5301,7024,728
5302,6131,729
5304,11482,730
5310,5746,731
5311,5845,732
5313,7363,733
5317,5353,734
5325,5630,735
5331,5778,736
5336,5346,737
5337,5529,738
5341,5998,739
5343,6809,740
5354,5445,741
5357,7651,742
5363,6192,743
5368,7908,744
5385,5959,745
5388,5774,746
5395,5645,747
5413,6890,748
5414,7268,749
5422,5990,750
5425,5559,751
5430,5606,752
5437,6222,753
5438,8885,754
5446,5804,755
5457,8072,756
5459,6454,757
5461,6750,758
5477,6685,759
5480,6357,760
5482,5642,761
5488,6355,762
5492,7542,763
5496,6552,764
5497,6690,765
5505,6563,766
5506,5907,767
5509,5631,768
5536,6118,769
5542,10068,770
5545,6965,771
5546,8068,772
5555,5872,773
5560,6056,774
5567,5813,775
5568,5588,776
5574,6175,777
5580,7049,778
5594,5842,779
5607,6163,780
5624,5829,781
5627,7558,782
5629,6134,783
5644,6685,784
5651,10244,785
5661,5773,786
5662,5988,787
5671,5912,788
5683,5847,789
5699,5737,790
5702,6720,791
5703,6583,792
5709,7892,793
5712,8200,794
5715,6718,795
5720,5730,796
5723,5908,797
5725,6642,798
5733,5885,799
5735,6239,800
5750,8658,801
5751,5819,802
5758,6144,803
5765,6138,804
5769,5965,805
5772,8499,806
5784,6035,807
5786,7273,808
5797,6721,809
5799,7555,810
5805,10415,811
5809,6473,812
5815,5939,813
5816,6622,814
5835,7442,815
5837,7549,816
5838,6707,817
5845,6953,818
5860,7267,819
5876,7349,820
5878,7559,821
5887,7111,822
5897,6224,823
5901,6521,824
5912,7878,825
5914,6682,826
5915,5969,827
5949,6328,828
5950,6479,829
5984,6312,830
5986,6146,831
5996,6286,832
6006,6483,833
6010,6413,834
6015,6439,835
6018,7800,836
6026,6548,837
6028,9441,838
6033,7801,839
6036,6701,840
6045,6440,841
6051,8077,842
6052,6311,843
6063,7001,844
6067,9901,845
6073,7423,846
6081,6574,847
6092,6292,848
6093,8455,849
6096,6573,850
6109,11603,851
6116,7156,852
6118,6572,853
6124,7001,854
6130,6235,855
6150,6437,856
6155,6236,857
6173,6836,858
6197,6227,859
6199,6806,860
6200,7177,861
6213,6688,862
6220,7561,863
6224,6478,864
6225,7810,865
6230,7951,866
6232,6715,867
6237,6608,868
6253,6456,869
6254,10194,870
6262,6535,871
6268,7070,872
6270,6541,873
6272,7126,874
6292,7465,875
6300,7544,876
6309,9001,877
6310,7193,878
6335,7164,879
6347,6447,880
6349,7123,881
6372,6767,882
6386,6622,883
6387,7269,884
6411,6671,885
6412,6909,886
6421,7701,887
6423,8067,888
6425,6799,889
6431,6616,890
6440,6967,891
6441,7036,892
6451,6617,893
6456,8212,894
6472,6976,895
6474,6791,896
6475,7978,897
6486,6982,898
6499,7536,899
6503,9894,900
6507,6564,901
6508,8180,902
6509,8491,903
6524,6996,904
6532,6958,905
6546,6615,906
6551,7425,907
6555,6718,908
6557,7056,909
6558,7816,910
6559,7060,911
6560,6736,912
6563,6883,913
6573,6723,914
6576,6908,915
6583,8074,916
6584,7030,917
6591,8482,918
6597,7005,919
6598,7084,920
6604,8280,921
6612,6959,922
6616,7405,923
6618,6739,924
6621,8255,925
6623,7842,926
6626,10555,927
6627,7575,928
6628,7396,929
6641,7565,930
6644,6943,931
6646,6953,932
6647,7526,933
6654,6884,934
6661,6966,935
6665,8260,936
6669,8218,937
6671,6985,938
6681,8059,939
6692,7535,940
6694,8447,941
6697,7224,942
6706,8535,943
6713,13234,944
6718,8776,945
6731,7371,946
6733,9439,947
6734,8060,948
6737,7526,949
6739,6974,950
6764,8990,951
6779,8107,952
6787,7756,953
6791,8191,954
6807,7391,955
6814,7203,956
6818,6877,957
6820,8092,958
6821,7270,959
6829,7132,960
6841,7367,961
6842,7191,962
6845,8020,963
6859,7356,964
6864,7055,965
6866,9105,966
6879,7162,967
6881,7278,968
6886,8164,969
6917,7676,970
6923,7903,971
6927,7529,972
6929,7601,973
6947,7334,974
6949,8020,975
6957,7510,976
6967,7044,977
6978,7349,978
6982,8674,979
6984,7574,980
6988,7000,981
7000,8266,982
7018,10752,983
7019,8729,984
7020,7376,985
7023,7231,986
7024,7417,987
7025,7429,988
7034,8069,989
7058,7922,990
7065,8055,991
7068,8803,992
7076,9707,993
7083,7324,994
7089,7358,995
7092,10407,996
7103,8072,997
7115,7711,998
7119,7577,999
7136,7253,1000
7141,8500,1001
7144,7411,1002
7145,7766,1003
7151,7792,1004
7154,8008,1005
7169,7322,1006
7177,8169,1007
7194,7231,1008
7205,9451,1009
7212,9690,1010
7213,8969,1011
7224,9054,1012
7241,8538,1013
7242,12183,1014
7247,8078,1015
7249,8669,1016
7261,7309,1017
7266,8909,1018
7269,7704,1019
7283,8247,1020
7284,7295,1021
7285,7552,1022
7289,7736,1023
7308,7984,1024
7320,10646,1025
7321,7525,1026
7333,8237,1027
7335,10097,1028
7337,7437,1029
7345,8358,1030
7346,9140,1031
7347,8802,1032
7366,9397,1033
7373,8337,1034
7376,7719,1035
7389,9313,1036
7414,8874,1037
7417,7881,1038
7419,7964,1039
7422,7448,1040
7431,7631,1041
7432,9444,1042
7439,10305,1043
7440,8884,1044
7461,8959,1045
7474,10953,1046
7490,7511,1047
7499,7788,1048
7502,9784,1049
7507,9754,1050
7513,7557,1051
7527,7707,1052
7528,7563,1053
7533,7726,1054
7538,9398,1055
7547,8287,1056
7564,8623,1057
7567,9101,1058
7569,8950,1059
7577,7784,1060
7579,7890,1061
7581,8119,1062
7586,8592,1063
7588,8543,1064
7618,8693,1065
7626,8485,1066
7630,8418,1067
7641,11386,1068
7647,7856,1069
7654,8793,1070
7656,8053,1071
7658,8049,1072
7661,9480,1073
7682,8302,1074
7696,8310,1075
7699,8523,1076
7702,7818,1077
7705,9051,1078
7716,7783,1079
7717,10701,1080
7726,13010,1081
7730,8012,1082
7731,7919,1083
7744,7903,1084
7753,7846,1085
7754,8702,1086
7755,8432,1087
7757,9531,1088
7766,7825,1089
7772,8273,1090
7773,8284,1091
7778,13033,1092
7786,8850,1093
7791,11270,1094
7801,9158,1095
7803,7984,1096
7815,8131,1097
7830,8379,1098
7841,7908,1099
7858,8187,1100
7871,7977,1101
7876,8148,1102
7894,8729,1103
7896,7980,1104
7902,9166,1105
7918,8045,1106
7928,8511,1107
7932,7979,1108
7942,11457,1109
7944,8486,1110
7945,8027,1111
7959,8586,1112
7969,8620,1113
8001,10999,1114
8002,8280,1115
8012,8210,1116
8027,10915,1117
8034,8221,1118
8054,9317,1119
8056,8065,1120
8093,8358,1121
8096,9670,1122
8104,8124,1123
8117,8537,1124
8119,9127,1125
8122,8224,1126
8124,8638,1127
8135,13646,1128
8138,8688,1129
8145,8833,1130
8154,8386,1131
8162,10021,1132
8168,9338,1133
8173,9659,1134
8184,8555,1135
8185,9973,1136
8189,8543,1137
8190,11620,1138
8193,9074,1139
8206,9280,1140
8209,9431,1141
8222,8482,1142
8226,15887,1143
8227,9498,1144
8229,9949,1145
8236,11845,1146
8241,9165,1147
8248,8955,1148
8259,11302,1149
8260,8873,1150
8268,8839,1151
8290,9180,1152
8295,8576,1153
8321,12110,1154
8327,8787,1155
8332,9540,1156
8345,9388,1157
8353,8355,1158
8356,9663,1159
8366,9019,1160
8373,9189,1161
8378,9004,1162
8393,8862,1163
8403,8685,1164
8410,10710,1165
8415,11308,1166
8430,10051,1167
8433,9763,1168
8441,10800,1169
8460,10436,1170
8463,8754,1171
8480,8696,1172
8504,8584,1173
8506,8999,1174
8509,8810,1175
8520,9177,1176
8523,12041,1177
8525,9627,1178
8530,10169,1179
8548,9581,1180
8561,9933,1181
8572,10236,1182
8573,11383,1183
8576,10296,1184
8590,10184,1185
8610,12525,1186
8611,10494,1187
8622,9014,1188
8642,8686,1189
8647,8716,1190
8648,8917,1191
8651,9608,1192
8658,8980,1193
8661,9857,1194
8665,12248,1195
8670,9109,1196
8676,12536,1197
8683,8690,1198
8693,9173,1199
8704,9257,1200
8708,9693,1201
8709,8783,1202
8710,8800,1203
8723,9897,1204
8731,11381,1205
8735,9089,1206
8736,9095,1207
8740,10185,1208
8745,9019,1209
8748,9037,1210
8749,8763,1211
8751,8939,1212
8752,8850,1213
8754,8776,1214
8771,8835,1215
8784,9096,1216
8805,9278,1217
8821,8962,1218
8823,8948,1219
8828,11904,1220
8830,10223,1221
8850,9085,1222
8856,9107,1223
8872,9564,1224
8879,9597,1225
8887,9358,1226
8898,9047,1227
8903,9966,1228
8907,9136,1229
8916,9253,1230
8924,8974,1231
8934,10876,1232
8936,10403,1233
8943,9011,1234
8948,9828,1235
8950,9370,1236
8952,10022,1237
8953,10687,1238
8961,9226,1239
8967,11939,1240
8968,9908,1241
8976,9143,1242
9003,10199,1243
9018,13077,1244
9019,11178,1245
9021,10876,1246
9027,9318,1247
9029,9157,1248
9036,9168,1249
9039,9100,1250
9048,9364,1251
9050,9904,1252
9051,9085,1253
9056,10113,1254
9072,9445,1255
9081,9282,1256
9085,9380,1257
9090,9317,1258
9095,9135,1259
9098,9262,1260
9107,9833,1261
9112,9158,1262
9119,9417,1263
9130,9574,1264
9137,9834,1265
9146,9703,1266
9160,9772,1267
9177,10136,1268
9186,10141,1269
9192,10081,1270
9194,9404,1271
9197,12076,1272
9214,9633,1273
9233,9637,1274
9244,9470,1275
9253,9677,1276
9270,9494,1277
9281,10354,1278
9293,9526,1279
9297,10440,1280
9302,9591,1281
9314,9699,1282
9323,9915,1283
9332,9627,1284
9334,10660,1285
9336,9708,1286
9338,10609,1287
9347,10902,1288
9349,10527,1289
9351,9364,1290
9353,10205,1291
9354,9571,1292
9356,9927,1293
9365,10167,1294
9377,9973,1295
9380,11402,1296
9383,10481,1297
9388,10062,1298
9394,9395,1299
9407,9490,1300
9414,10419,1301
9439,9909,1302
9452,10291,1303
9457,9772,1304
9461,10059,1305
9462,10342,1306
9482,9628,1307
9487,10666,1308
9495,9884,1309
9527,11711,1310
9539,10425,1311
9542,9655,1312
9543,9895,1313
9546,11560,1314
9553,10046,1315
9558,9807,1316
9565,10427,1317
9582,10852,1318
9585,9763,1319
9594,11024,1320
9596,10107,1321
9600,10749,1322
9619,10849,1323
9632,12273,1324
9635,10424,1325
9638,10558,1326
9642,10554,1327
9653,9657,1328
9656,11054,1329
9657,10588,1330
9667,11713,1331
9672,14571,1332
9676,11380,1333
9678,10174,1334
9693,9835,1335
9698,9794,1336
9714,11773,1337
9716,11658,1338
9724,12151,1339
9725,10157,1340
9731,11182,1341
9738,10798,1342
9742,11754,1343
9750,9838,1344
9755,10087,1345
9761,10175,1346
9763,11330,1347
9768,10534,1348
9784,10180,1349
9807,11041,1350
9818,10121,1351
9826,9854,1352
9833,9921,1353
9836,10643,1354
9842,10070,1355
9846,11500,1356
9859,9973,1357
9872,10665,1358
9873,13740,1359
9877,11528,1360
9878,10357,1361
9881,10399,1362
9883,11373,1363
9899,10871,1364
9909,10126,1365
9912,10548,1366
9917,9952,1367
9920,10250,1368
9927,10447,1369
9949,10426,1370
9954,10801,1371
9976,9999,1372
9980,13254,1373
9993,11088,1374
9999,10029,1375
