0,39,0
3,107,1
11,617,2
12,475,3
21,855,4
29,1291,5
32,2548,6
36,359,7
47,2419,8
50,2375,9
69,355,10
81,426,11
84,334,12
94,175,13
98,249,14
99,180,15
100,1150,16
106,324,17
111,355,18
113,610,19
114,1915,20
121,227,21
137,296,22
146,1066,23
149,2238,24
160,183,25
169,350,26
179,1414,27
183,1414,28
213,1529,29
215,602,30
218,260,31
245,293,32
264,685,33
268,539,34
276,5468,35
282,284,36
283,574,37
308,1211,38
309,913,39
325,1234,40
327,2127,41
344,1071,42
364,2247,43
375,4321,44
376,3205,45
397,606,46
399,6169,47
403,1424,48
420,545,49
421,1320,50
428,1809,51
437,584,52
438,2857,53
440,2391,54
455,498,55
458,3426,56
459,3445,57
472,4308,58
488,626,59
503,2724,60
511,1867,61
528,1189,62
534,874,63
559,795,64
561,1019,65
570,1101,66
575,1195,67
581,983,68
584,917,69
588,940,70
589,1608,71
590,1719,72
609,1039,73
619,2168,74
627,921,75
651,969,76
661,3243,77
686,1748,78
694,955,79
703,2173,80
732,1007,81
738,2194,82
751,1643,83
760,2337,84
761,1195,85
786,1418,86
802,3944,87
806,1384,88
811,1010,89
828,1031,90
877,1527,91
878,1108,92
892,1192,93
893,1421,94
908,1543,95
915,931,96
917,3593,97
919,1748,98
928,1609,99
933,1099,100
942,1143,101
950,3552,102
998,1822,103
1001,1602,104
1035,2053,105
1038,1844,106
1044,3592,107
1049,1233,108
1050,2451,109
1062,2035,110
1063,1952,111
1075,3205,112
1076,1249,113
1077,2177,114
1089,1665,115
1133,2029,116
1134,2103,117
1136,1376,118
1153,1649,119
1159,1850,120
1160,1336,121
1162,1234,122
1173,1600,123
1177,1287,124
1202,1516,125
1209,3143,126
1214,1628,127
1216,1239,128
1222,1524,129
1247,2652,130
1260,1304,131
1261,1963,132
1291,2233,133
1325,1978,134
1339,1464,135
1346,1653,136
1376,2284,137
1382,1981,138
1406,4785,139
1420,1553,140
1433,3407,141
1460,3999,142
1478,2338,143
1479,2013,144
1485,2685,145
1526,1546,146
1545,2267,147
1556,2114,148
1558,2287,149
1588,3100,150
1597,2277,151
1608,1665,152
1609,3621,153
1646,2625,154
1647,2321,155
1687,1936,156
1689,1919,157
1693,4498,158
1707,1888,159
1727,2150,160
1738,3023,161
1794,1939,162
1799,4020,163
1810,1836,164
1825,3148,165
1847,2819,166
1848,2779,167
1856,5376,168
1867,3066,169
1879,1973,170
1891,2316,171
1901,3848,172
1904,3382,173
1921,5912,174
1927,4063,175
1936,2009,176
1940,2396,177
1941,1994,178
1950,3825,179
1980,2081,180
1989,2371,181
1999,2252,182
2026,2121,183
2032,3227,184
2038,5180,185
2040,2603,186
2051,3099,187
2054,3732,188
2076,2574,189
2084,2560,190
2127,2338,191
2137,3061,192
2140,5644,193
2152,3096,194
2158,2393,195
2162,8362,196
2180,4733,197
2182,2459,198
2188,2488,199
2193,2292,200
2195,5169,201
2198,3098,202
2212,4251,203
2217,3445,204
2230,2283,205
2238,5538,206
2254,2378,207
2262,3826,208
2265,2774,209
2278,2415,210
2327,2777,211
2351,2967,212
2361,3097,213
2384,4725,214
2406,2588,215
2419,2731,216
2434,3944,217
2441,3062,218
2452,3724,219
2454,2688,220
2481,2722,221
2482,3373,222
2487,3141,223
2508,5036,224
2511,5167,225
2532,2733,226
2533,4973,227
2541,2714,228
2542,4052,229
2548,2660,230
2567,2624,231
2586,3684,232
2587,3060,233
2588,2877,234
2590,3071,235
2595,2995,236
2624,3601,237
2639,4165,238
2642,2962,239
2646,4445,240
2649,4741,241
2676,3336,242
2689,3788,243
2692,4045,244
2701,2881,245
2702,3684,246
2705,4678,247
2718,8205,248
2728,3244,249
2731,2844,250
2732,3178,251
2736,3263,252
2754,3851,253
2760,4147,254
2767,3219,255
2786,5852,256
2794,3962,257
2799,2981,258
2823,2890,259
2825,4888,260
2847,2923,261
2851,4743,262
2852,6563,263
2872,3154,264
2886,3475,265
2904,3794,266
2910,3405,267
2913,3925,268
2926,4064,269
2928,3685,270
2935,3050,271
2939,2970,272
2943,3206,273
2961,3163,274
2965,3202,275
2967,5187,276
2968,4637,277
2969,3425,278
2982,4734,279
2991,3474,280
3003,4210,281
3005,3142,282
3017,3968,283
3025,3376,284
3034,3731,285
3048,4680,286
3058,3245,287
3060,3438,288
3066,7132,289
3071,3440,290
3103,3986,291
3116,3607,292
3118,4272,293
3121,3661,294
3124,6335,295
3134,3242,296
3141,4559,297
3154,3582,298
3174,3648,299
3175,6002,300
3180,4305,301
3191,3358,302
3200,3822,303
3207,3289,304
3209,3471,305
3233,3281,306
3243,3976,307
3247,3932,308
3256,5190,309
3257,4724,310
3275,3791,311
3281,3573,312
3283,3300,313
3287,5164,314
3314,3734,315
3316,4852,316
3321,4041,317
3325,3636,318
3334,6570,319
3336,4026,320
3354,4018,321
3360,5186,322
3369,3385,323
3375,3536,324
3382,5390,325
3384,6641,326
3387,3457,327
3389,3703,328
3392,3702,329
3393,4567,330
3394,4118,331
3421,4643,332
3423,3682,333
3424,4139,334
3439,4636,335
3441,3739,336
3458,4047,337
3519,3661,338
3535,4364,339
3537,3597,340
3538,4021,341
3552,4902,342
3560,5419,343
3574,3769,344
3575,3800,345
3576,3794,346
3585,4210,347
3596,4580,348
3599,3779,349
3601,4454,350
3603,3877,351
3617,4941,352
3621,5348,353
3633,4304,354
3645,4126,355
3647,5331,356
3655,3895,357
3657,4086,358
3667,4348,359
3669,5164,360
3677,4868,361
3681,5319,362
3686,4846,363
3691,5667,364
3695,3952,365
3699,6627,366
3708,4330,367
3714,4112,368
3728,4325,369
3756,3993,370
3759,7417,371
3775,4030,372
3793,6456,373
3794,3850,374
3803,4663,375
3822,3934,376
3835,4625,377
3876,4988,378
3877,4559,379
3879,3903,380
3885,4111,381
3898,4511,382
3902,4472,383
3905,3921,384
3920,5050,385
3943,4756,386
3973,7778,387
3984,4803,388
3985,4099,389
4016,4363,390
4025,4346,391
4034,4345,392
4050,6721,393
4069,4969,394
4090,5621,395
4092,7020,396
4100,5007,397
4117,5212,398
4140,4572,399
4143,4490,400
4149,4512,401
4159,4442,402
4168,4888,403
4180,7176,404
4181,4283,405
4203,5724,406
4205,4262,407
4251,5630,408
4256,5970,409
4263,8480,410
4264,6079,411
4312,7798,412
4326,4350,413
4330,4828,414
4336,4942,415
4359,4883,416
4363,5206,417
4379,4497,418
4389,4586,419
4395,4795,420
4409,5117,421
4419,6999,422
4431,5716,423
4432,5499,424
4447,4755,425
4463,5035,426
4467,4665,427
4469,6151,428
4472,4945,429
4504,4745,430
4513,4527,431
4523,5358,432
4526,5302,433
4528,5165,434
4535,5324,435
4538,5217,436
4539,4751,437
4542,4874,438
4544,5344,439
4548,5315,440
4552,7719,441
4556,5647,442
4557,7038,443
4560,4893,444
4574,5779,445
4589,4732,446
4591,4766,447
4605,5676,448
4615,5165,449
4616,4935,450
4623,5099,451
4674,4731,452
4693,5346,453
4712,4714,454
4713,6306,455
4741,4913,456
4749,5082,457
4769,5372,458
4798,5773,459
4799,10691,460
4810,5038,461
4818,5091,462
4819,5142,463
4847,5662,464
4872,5160,465
4876,6280,466
4882,4899,467
4895,11026,468
4928,5515,469
4943,5820,470
4954,6077,471
4977,6445,472
4995,5365,473
4999,6047,474
5004,7259,475
5009,6636,476
5013,5040,477
5018,6903,478
5022,5144,479
5023,5657,480
5030,6433,481
5038,5856,482
5048,6473,483
5049,5795,484
5061,5073,485
5062,5402,486
5063,5452,487
5071,5468,488
5078,5134,489
5114,5455,490
5116,6109,491
5125,6196,492
5136,5521,493
5165,5577,494
5199,5360,495
5200,5794,496
5207,5801,497
5211,7536,498
5251,6266,499
5256,7133,500
5272,5461,501
5273,5408,502
5274,7428,503
5276,6474,504
5293,5989,505
5329,5863,506
5376,9481,507
5398,5646,508
5405,7362,509
5406,6792,510
5428,6991,511
5439,5585,512
5466,5590,513
5482,7792,514
5489,5525,515
5505,7214,516
5511,6366,517
5522,5694,518
5524,6687,519
5530,9822,520
5541,5912,521
5542,5591,522
5548,6035,523
5552,6493,524
5560,5848,525
5571,6742,526
5576,7884,527
5580,6158,528
5598,6030,529
5599,5633,530
5601,5703,531
5622,9851,532
5636,6401,533
5637,6646,534
5646,5801,535
5653,7078,536
5661,5880,537
5667,6103,538
5671,9099,539
5673,8477,540
5679,6438,541
5744,6787,542
5763,6930,543
5765,6130,544
5770,5885,545
5781,6013,546
5782,5784,547
5798,6654,548
5805,6061,549
5813,6325,550
5832,6865,551
5848,6849,552
5863,6187,553
5887,8775,554
5890,7804,555
5891,6108,556
5901,7466,557
5911,10673,558
5914,6011,559
5922,7349,560
5942,6852,561
5947,6262,562
5953,8248,563
5965,6192,564
5971,7089,565
5978,7348,566
5988,6031,567
6002,8080,568
6003,7180,569
6007,6318,570
6029,9113,571
6052,6368,572
6066,6250,573
6068,7142,574
6069,6814,575
6070,6564,576
6078,9052,577
6081,10218,578
6082,6272,579
6091,6104,580
6097,6125,581
6106,6387,582
6109,6967,583
6130,7723,584
6153,7379,585
6161,6359,586
6168,6845,587
6180,6512,588
6194,7854,589
6200,9980,590
6205,9453,591
6238,6328,592
6251,7101,593
6274,6852,594
6290,6649,595
6293,6410,596
6296,8800,597
6309,6475,598
6323,6736,599
6356,6591,600
6373,7213,601
6381,6555,602
6389,7776,603
6396,7337,604
6407,6812,605
6416,8207,606
6422,7535,607
6425,6522,608
6442,8021,609
6470,7222,610
6482,6746,611
6486,6488,612
6509,7588,613
6514,6908,614
6515,10615,615
6518,6970,616
6520,7804,617
6527,6834,618
6531,7425,619
6534,7746,620
6535,6901,621
6539,8238,622
6571,6694,623
6577,11760,624
6579,6582,625
6595,7928,626
6615,6708,627
6640,7083,628
6667,7020,629
6681,7177,630
6695,8519,631
6698,7862,632
6736,7088,633
6750,7814,634
6757,7803,635
6762,7138,636
6767,7783,637
6771,7267,638
6791,8166,639
6807,8333,640
6808,8179,641
6840,11990,642
6845,7437,643
6859,6906,644
6909,7409,645
6910,7843,646
6965,7550,647
6966,13784,648
6976,7428,649
6977,7367,650
6984,7136,651
6991,10043,652
7012,7041,653
7013,7231,654
7015,7403,655
7017,8141,656
7025,7619,657
7036,7723,658
7041,8735,659
7049,9532,660
7052,8777,661
7053,8701,662
7058,7761,663
7067,7289,664
7076,7825,665
7077,7279,666
7087,8879,667
7090,7102,668
7098,9159,669
7109,8001,670
7128,7568,671
7135,9205,672
7141,7828,673
7147,8950,674
7163,7503,675
7188,8186,676
7195,8328,677
7211,8013,678
7227,7295,679
7232,7255,680
7268,10039,681
7274,7365,682
7283,8256,683
7311,8137,684
7337,7991,685
7343,7629,686
7352,7484,687
7357,7431,688
7365,7900,689
7384,7978,690
7389,8819,691
7399,8308,692
7400,8182,693
7415,7919,694
7420,8827,695
7437,8533,696
7459,8681,697
7465,10299,698
7470,7608,699
7478,8781,700
7489,9297,701
7490,7660,702
7495,7565,703
7514,7744,704
7525,8908,705
7527,12749,706
7536,8048,707
7546,7632,708
7563,9127,709
7565,9504,710
7590,8750,711
7594,7941,712
7597,9001,713
7605,8650,714
7609,8296,715
7630,7694,716
7640,9994,717
7644,11001,718
7659,8416,719
7670,9418,720
7671,8469,721
7675,7698,722
7688,7810,723
7694,9285,724
7704,11362,725
7707,8343,726
7728,9145,727
7745,9468,728
7747,8576,729
7750,13928,730
7758,8194,731
7760,8294,732
7763,9813,733
7769,7805,734
7781,8086,735
7789,8236,736
7797,7807,737
7798,7990,738
7804,8461,739
7807,9273,740
7823,7914,741
7827,10121,742
7836,8665,743
7843,10383,744
7868,8442,745
7873,8259,746
7883,8133,747
7909,9386,748
7910,9764,749
7922,8490,750
7926,8060,751
7933,8109,752
7943,8728,753
7944,11391,754
7956,8314,755
7973,10588,756
7975,8970,757
7977,9266,758
8000,9208,759
8005,8882,760
8008,8168,761
8017,8884,762
8022,10072,763
8028,9084,764
8029,9222,765
8040,9098,766
8042,8443,767
8046,8168,768
8086,8668,769
8095,12621,770
8099,9519,771
8101,10623,772
8114,8431,773
8121,8617,774
8131,8377,775
8133,8153,776
8141,8742,777
8150,9619,778
8171,8419,779
8190,8746,780
8215,8420,781
8219,10150,782
8222,8727,783
8245,9286,784
8256,12849,785
8271,8383,786
8272,8598,787
8285,8526,788
8302,8466,789
8325,8363,790
8329,9347,791
8330,9210,792
8338,10521,793
8342,10830,794
8346,9349,795
8353,8363,796
8357,8542,797
8360,9277,798
8372,8524,799
8374,8878,800
8397,11305,801
8399,8467,802
8410,8796,803
8420,8793,804
8426,8622,805
8430,11157,806
8447,8698,807
8450,9937,808
8466,9390,809
8469,10225,810
8477,13087,811
8483,9147,812
8492,8616,813
8494,9300,814
8522,10129,815
8524,10236,816
8526,9395,817
8537,9645,818
8560,9967,819
8584,10057,820
8586,10267,821
8599,9823,822
8613,8940,823
8619,9239,824
8635,10601,825
8638,9406,826
8639,8693,827
8690,9069,828
8692,9221,829
8743,9071,830
8745,8905,831
8760,9050,832
8774,9251,833
8780,9183,834
8787,9211,835
8791,10573,836
8803,9325,837
8806,12219,838
8813,10581,839
8818,9483,840
8832,9227,841
8841,10867,842
8843,9102,843
8860,9798,844
8866,12700,845
8874,10224,846
8885,9378,847
8901,9101,848
8902,11264,849
8906,9383,850
8925,14419,851
8935,9975,852
8938,9392,853
8947,9824,854
8955,9060,855
8985,9272,856
8993,9074,857
9020,9683,858
9056,9086,859
9058,9665,860
9060,10037,861
9079,9554,862
9090,10431,863
9096,9350,864
9097,10682,865
9105,10826,866
9108,9591,867
9115,9486,868
9139,9342,869
9140,13080,870
9151,9424,871
9159,9961,872
9161,9432,873
9163,10017,874
9192,10365,875
9204,10448,876
9218,11910,877
9219,10102,878
9256,10085,879
9274,9374,880
9276,10050,881
9310,9705,882
9330,9566,883
9331,10213,884
9367,9627,885
9368,9865,886
9382,10662,887
9384,11028,888
9387,9761,889
9395,9580,890
9409,9936,891
9410,10005,892
9424,9590,893
9431,11187,894
9455,9959,895
9458,9775,896
9460,10963,897
9476,9972,898
9496,10533,899
9501,12892,900
9507,9564,901
9508,11180,902
9510,11492,903
9532,10004,904
9544,9970,905
9565,9634,906
9573,10447,907
9578,9741,908
9581,10080,909
9582,10840,910
9583,10084,911
9585,9761,912
9589,9909,913
9604,9754,914
9609,9941,915
9619,11110,916
9621,10067,917
9631,11522,918
9640,10048,919
9641,10127,920
9649,11325,921
9661,10008,922
9667,10456,923
9670,9791,924
9674,11308,925
9676,10895,926
9680,13609,927
9682,10630,928
9684,10452,929
9703,10627,930
9707,10006,931
9710,10017,932
9711,10590,933
9721,9951,934
9732,10037,935
9738,11333,936
9744,11293,937
9747,10061,938
9762,11140,939
9779,10622,940
9782,11535,941
9786,10313,942
9799,11628,943
9810,16331,944
9817,11875,945
9836,10476,946
9839,12545,947
9840,11166,948
9845,10634,949
9848,10083,950
9885,12111,951
9907,11235,952
9919,10888,953
9925,11325,954
9949,10533,955
9959,10348,956
9965,10024,957
9968,11240,958
9969,10418,959
9980,10283,960
9998,10524,961
9999,10348,962
