0,39,0
3,107,1
11,617,2
13,476,3
22,856,4
31,1293,5
34,2550,6
38,361,7
50,2422,8
53,2378,9
74,360,10
87,432,11
90,340,12
101,182,13
106,257,14
107,188,15
109,1159,16
115,333,17
120,364,18
122,619,19
124,1925,20
131,237,21
149,308,22
159,1079,23
162,2251,24
174,197,25
184,365,26
195,1430,27
199,1430,28
232,1548,29
235,622,30
239,281,31
268,316,32
289,710,33
294,565,34
303,5495,35
310,312,36
311,602,37
339,1242,38
340,944,39
358,1267,40
360,2160,41
379,1106,42
402,2285,43
415,4361,44
416,3245,45
439,648,46
442,6212,47
446,1467,48
465,590,49
467,1366,50
475,1856,51
485,632,52
486,2905,53
488,2439,54
505,548,55
508,3476,56
509,3495,57
523,4359,58
541,679,59
557,2778,60
565,1921,61
584,1245,62
590,930,63
618,854,64
620,1078,65
630,1161,66
635,1255,67
642,1044,68
645,978,69
650,1002,70
651,1670,71
652,1781,72
674,1104,73
685,2234,74
694,988,75
720,1038,76
731,3313,77
758,1820,78
767,1028,79
777,2247,80
809,1084,81
816,2272,82
830,1722,83
840,2417,84
841,1275,85
869,1501,86
887,4029,87
891,1469,88
896,1095,89
915,1118,90
970,1620,91
972,1202,92
987,1287,93
988,1516,94
1005,1640,95
1013,1029,96
1016,3692,97
1019,1848,98
1029,1710,99
1034,1200,100
1044,1245,101
1053,3655,102
1106,1930,103
1109,1710,104
1147,2165,105
1150,1956,106
1157,3705,107
1163,1347,108
1164,2565,109
1177,2150,110
1178,2067,111
1191,3321,112
1192,1365,113
1193,2293,114
1206,1782,115
1255,2151,116
1256,2225,117
1258,1498,118
1276,1772,119
1283,1974,120
1285,1461,121
1287,1359,122
1299,1726,123
1303,1413,124
1330,1644,125
1338,3272,126
1343,1757,127
1346,1369,128
1352,1654,129
1379,2784,130
1394,1438,131
1396,2098,132
1429,2371,133
1467,2120,134
1483,1608,135
1491,1798,136
1524,2432,137
1530,2129,138
1557,4936,139
1573,1706,140
1587,3561,141
1617,4156,142
1637,2497,143
1638,2172,144
1645,2845,145
1691,1711,146
1712,2434,147
1724,2282,148
1726,2455,149
1759,3271,150
1769,2449,151
1782,1839,152
1783,3795,153
1824,2803,154
1825,2499,155
1869,2118,156
1871,2101,157
1875,4680,158
1890,2071,159
1912,2335,160
1924,3209,161
1986,2131,162
1992,4213,163
2004,2030,164
2020,3343,165
2045,3017,166
2046,2977,167
2055,5575,168
2068,3267,169
2081,2175,170
2094,2519,171
2105,4052,172
2108,3586,173
2127,6118,174
2134,4270,175
2144,2217,176
2149,2605,177
2150,2203,178
2160,4035,179
2193,2294,180
2202,2584,181
2213,2466,182
2243,2338,183
2249,3444,184
2256,5398,185
2258,2821,186
2270,3318,187
2273,3951,188
2298,2796,189
2307,2783,190
2354,2565,191
2365,3289,192
2368,5872,193
2381,3325,194
2387,2622,195
2392,8592,196
2412,4965,197
2414,2691,198
2421,2721,199
2426,2525,200
2428,5402,201
2431,3331,202
2446,4485,203
2451,3679,204
2465,2518,205
2474,5774,206
2492,2616,207
2501,4065,208
2504,3013,209
2519,2656,210
2574,3024,211
2601,3217,212
2612,3348,213
2638,4979,214
2662,2844,215
2677,2989,216
2694,4204,217
2701,3322,218
2713,3985,219
2715,2949,220
2745,2986,221
2746,3637,222
2751,3405,223
2774,5302,224
2778,5434,225
2801,3002,226
2802,5242,227
2810,2983,228
2811,4321,229
2817,2929,230
2838,2895,231
2859,3957,232
2860,3333,233
2861,3150,234
2863,3344,235
2869,3269,236
2901,3878,237
2918,4444,238
2921,3241,239
2926,4725,240
2929,5021,241
2959,3619,242
2973,4072,243
2976,4329,244
2986,3166,245
2987,3969,246
2990,4963,247
3005,8492,248
3016,3532,249
3019,3132,250
3020,3466,251
3024,3551,252
3043,4140,253
3050,4437,254
3058,3510,255
3079,6145,256
3087,4255,257
3092,3274,258
3119,3186,259
3121,5184,260
3145,3221,261
3150,5042,262
3151,6862,263
3173,3455,264
3189,3778,265
3209,4099,266
3216,3711,267
3220,4232,268
3235,4373,269
3237,3994,270
3245,3360,271
3249,3280,272
3254,3517,273
3273,3475,274
3277,3514,275
3279,5499,276
3280,4949,277
3281,3737,278
3295,5047,279
3304,3787,280
3317,4524,281
3319,3456,282
3332,4283,283
3341,3692,284
3351,4048,285
3367,4999,286
3378,3565,287
3380,3758,288
3386,7452,289
3392,3761,290
3427,4310,291
3441,3932,292
3443,4597,293
3446,3986,294
3450,6661,295
3461,3569,296
3469,4887,297
3483,3911,298
3505,3979,299
3507,6334,300
3513,4638,301
3525,3692,302
3534,4156,303
3542,3624,304
3544,3806,305
3571,3619,306
3582,4315,307
3586,4271,308
3596,5530,309
3597,5064,310
3617,4133,311
3623,3915,312
3626,3643,313
3631,5508,314
3661,4081,315
3663,5199,316
3668,4388,317
3673,3984,318
3683,6919,319
3685,4375,320
3705,4369,321
3712,5538,322
3722,3738,323
3729,3890,324
3737,5745,325
3739,6996,326
3742,3812,327
3744,4058,328
3747,4057,329
3748,4922,330
3749,4473,331
3779,5001,332
3781,4040,333
3782,4497,334
3798,4995,335
3801,4099,336
3820,4409,337
3888,4030,338
3906,4735,339
3908,3968,340
3909,4392,341
3925,5275,342
3934,5793,343
3949,4144,344
3950,4175,345
3951,4169,346
3961,4586,347
3974,4958,348
3977,4157,349
3979,4832,350
3981,4255,351
3996,5320,352
4000,5727,353
4013,4684,354
4026,4507,355
4028,5712,356
4037,4277,357
4039,4468,358
4050,4731,359
4052,5547,360
4060,5251,361
4065,5703,362
4070,5230,363
4075,6051,364
4079,4336,365
4084,7012,366
4094,4716,367
4101,4499,368
4116,4713,369
4148,4385,370
4151,7809,371
4168,4423,372
4188,6851,373
4190,4246,374
4200,5060,375
4221,4333,376
4236,5026,377
4282,5394,378
4283,4965,379
4285,4309,380
4292,4518,381
4306,4919,382
4310,4880,383
4314,4330,384
4331,5461,385
4356,5169,386
4390,8195,387
4403,5222,388
4404,4518,389
4438,4785,390
4448,4769,391
4458,4769,392
4476,7147,393
4497,5397,394
4520,6051,395
4522,7450,396
4531,5438,397
4550,5645,398
4576,5008,399
4579,4926,400
4585,4948,401
4596,4879,402
4606,5326,403
4619,7615,404
4620,4722,405
4645,6166,406
4647,4704,407
4699,6078,408
4704,6418,409
4712,8929,410
4713,6528,411
4767,8253,412
4783,4807,413
4788,5286,414
4794,5400,415
4820,5344,416
4825,5668,417
4843,4961,418
4854,5051,419
4861,5261,420
4877,5585,421
4888,7468,422
4901,6186,423
4902,5969,424
4918,5226,425
4935,5507,426
4940,5138,427
4942,6624,428
4945,5418,429
4981,5222,430
4991,5005,431
5002,5837,432
5005,5781,433
5007,5644,434
5015,5804,435
5019,5698,436
5020,5232,437
5023,5355,438
5025,5825,439
5029,5796,440
5033,8200,441
5038,6129,442
5040,7521,443
5043,5376,444
5058,6263,445
5074,5217,446
5076,5251,447
5091,6162,448
5102,5652,449
5103,5422,450
5111,5587,451
5167,5224,452
5188,5841,453
5209,5211,454
5210,6803,455
5241,5413,456
5249,5582,457
5271,5874,458
5303,6278,459
5304,11196,460
5316,5544,461
5325,5598,462
5326,5649,463
5357,6172,464
5385,5673,465
5389,6793,466
5396,5413,467
5410,11541,468
5447,6034,469
5464,6341,470
5476,6599,471
5502,6970,472
5522,5892,473
5527,6575,474
5533,7788,475
5538,7165,476
5543,5570,477
5549,7434,478
5553,5675,479
5555,6189,480
5562,6965,481
5571,6389,482
5582,7007,483
5583,6329,484
5596,5608,485
5597,5937,486
5598,5987,487
5607,6004,488
5615,5671,489
5655,5996,490
5658,6651,491
5668,6739,492
5680,6065,493
5712,6124,494
5749,5910,495
5750,6344,496
5757,6351,497
5762,8087,498
5807,6822,499
5813,7690,500
5830,6019,501
5832,5967,502
5833,7987,503
5835,7033,504
5854,6550,505
5894,6428,506
5947,10052,507
5972,6220,508
5979,7936,509
5980,7366,510
6004,7567,511
6016,6162,512
6045,6169,513
6063,8373,514
6071,6107,515
6089,7798,516
6096,6951,517
6108,6280,518
6110,7273,519
6117,10409,520
6129,6500,521
6130,6179,522
6137,6624,523
6141,7082,524
6149,6437,525
6161,7332,526
6167,8475,527
6171,6749,528
6190,6622,529
6191,6225,530
6193,6295,531
6217,10446,532
6233,6998,533
6234,7243,534
6244,6399,535
6252,7677,536
6261,6480,537
6267,6703,538
6271,9699,539
6273,9077,540
6280,7039,541
6353,7396,542
6374,7541,543
6377,6742,544
6383,6498,545
6395,6627,546
6396,6398,547
6414,7270,548
6422,6678,549
6431,6943,550
6453,7486,551
6470,7471,552
6486,6810,553
6512,9400,554
6516,8430,555
6517,6734,556
6528,8093,557
6539,11301,558
6543,6640,559
6552,7979,560
6575,7485,561
6580,6895,562
6586,8881,563
6600,6827,564
6606,7724,565
6614,7984,566
6625,6668,567
6640,8718,568
6641,7818,569
6645,6956,570
6669,9753,571
6695,7011,572
6711,6895,573
6713,7787,574
6714,7459,575
6715,7209,576
6724,9698,577
6728,10865,578
6729,6919,579
6739,6752,580
6746,6774,581
6756,7037,582
6759,7617,583
6783,8376,584
6809,8035,585
6818,7016,586
6825,7502,587
6839,7171,588
6855,8515,589
6861,10641,590
6867,10115,591
6904,6994,592
6918,7768,593
6943,7521,594
6961,7320,595
6965,7082,596
6968,9472,597
6983,7149,598
6998,7411,599
7034,7269,600
7052,7892,601
7061,7235,602
7070,8457,603
7078,8019,604
7090,7495,605
7100,8891,606
7107,8220,607
7111,7208,608
7130,8709,609
7161,7913,610
7174,7438,611
7179,7181,612
7205,8284,613
7210,7604,614
7211,11311,615
7214,7666,616
7216,8500,617
7224,7531,618
7228,8122,619
7231,8443,620
7232,7598,621
7236,8935,622
7271,7394,623
7278,12461,624
7280,7283,625
7298,8631,626
7320,7413,627
7348,7791,628
7378,7731,629
7393,7889,630
7408,9232,631
7412,8576,632
7454,7806,633
7469,8533,634
7476,8522,635
7482,7858,636
7488,8504,637
7492,7988,638
7514,8889,639
7532,9058,640
7533,8904,641
7569,12719,642
7575,8167,643
7590,7637,644
7646,8146,645
7647,8580,646
7708,8293,647
7709,14527,648
7720,8172,649
7721,8111,650
7729,7881,651
7736,10788,652
7760,7789,653
7761,7979,654
7763,8151,655
7765,8889,656
7774,8368,657
7786,8473,658
7792,9486,659
7801,10284,660
7804,9529,661
7805,9453,662
7811,8514,663
7821,8043,664
7831,8580,665
7832,8034,666
7843,9635,667
7846,7858,668
7855,9916,669
7867,8759,670
7888,8328,671
7896,9966,672
7902,8589,673
7909,9712,674
7926,8266,675
7954,8952,676
7961,9094,677
7979,8781,678
7996,8064,679
8002,8025,680
8042,10813,681
8049,8140,682
8059,9032,683
8090,8916,684
8119,8773,685
8125,8411,686
8135,8267,687
8140,8214,688
8149,8684,689
8170,8764,690
8175,9605,691
8186,9095,692
8187,8969,693
8203,8707,694
8209,9616,695
8227,9323,696
8251,9473,697
8258,11092,698
8264,8402,699
8273,9576,700
8285,10093,701
8286,8456,702
8291,8361,703
8312,8542,704
8324,9707,705
8326,13548,706
8335,8847,707
8347,8433,708
8366,9930,709
8368,10307,710
8396,9556,711
8400,8747,712
8403,9807,713
8412,9457,714
8417,9104,715
8440,8504,716
8451,10805,717
8455,11812,718
8472,9229,719
8484,10232,720
8485,9283,721
8489,8512,722
8503,8625,723
8509,10100,724
8521,12179,725
8524,9160,726
8548,9965,727
8567,10290,728
8569,9398,729
8573,14751,730
8582,9018,731
8584,9118,732
8588,10638,733
8595,8631,734
8608,8913,735
8617,9064,736
8626,8636,737
8627,8819,738
8634,9291,739
8638,10104,740
8656,8747,741
8660,10954,742
8670,9499,743
8677,11217,744
8705,9279,745
8710,9096,746
8721,8971,747
8750,10227,748
8751,10605,749
8765,9333,750
8769,8903,751
8776,8952,752
8787,9572,753
8788,12235,754
8801,9159,755
8820,11435,756
8822,9817,757
8824,10113,758
8850,10058,759
8855,9732,760
8859,9019,761
8869,9736,762
8875,10925,763
8882,9938,764
8883,10076,765
8895,9953,766
8897,9298,767
8901,9023,768
8946,9528,769
8956,13482,770
8961,10381,771
8963,11485,772
8978,9295,773
8985,9481,774
8996,9242,775
8998,9018,776
9007,9608,777
9016,10485,778
9039,9287,779
9060,9616,780
9088,9293,781
9092,11023,782
9095,9600,783
9120,10161,784
9132,13725,785
9148,9260,786
9149,9475,787
9163,9404,788
9182,9346,789
9208,9246,790
9213,10231,791
9214,10094,792
9223,11406,793
9227,11715,794
9231,10234,795
9239,9249,796
9243,9428,797
9246,10163,798
9259,9411,799
9261,9765,800
9286,12194,801
9288,9356,802
9300,9686,803
9311,9684,804
9317,9513,805
9321,12048,806
9340,9591,807
9343,10830,808
9361,10285,809
9364,11120,810
9373,13983,811
9380,10044,812
9390,9514,813
9392,10198,814
9423,11030,815
9425,11137,816
9427,10296,817
9439,10547,818
9464,10871,819
9491,10964,820
9493,11174,821
9508,10732,822
9524,9851,823
9530,10150,824
9548,11514,825
9552,10320,826
9553,9607,827
9609,9988,828
9611,10140,829
9667,9995,830
9670,9830,831
9687,9977,832
9703,10180,833
9709,10112,834
9717,10141,835
9722,11504,836
9736,10258,837
9739,13152,838
9747,11515,839
9752,10417,840
9767,10162,841
9777,11803,842
9779,10038,843
9798,10736,844
9805,13639,845
9814,11164,846
9826,10319,847
9844,10044,848
9845,12207,849
9850,10327,850
9872,15366,851
9883,10923,852
9887,10341,853
9897,10774,854
9906,10011,855
9940,10227,856
9948,10029,857
9978,10641,858
