0,39,0
4,108,1
15,621,2
17,480,3
29,863,4
41,1303,5
45,2561,6
50,373,7
66,2438,8
70,2395,9
97,383,10
114,459,11
118,368,12
131,212,13
137,288,14
138,219,15
140,1190,16
148,366,17
154,398,18
156,653,19
158,1959,20
167,273,21
190,349,22
202,1122,23
205,2294,24
220,243,25
233,414,26
247,1482,27
253,1484,28
295,1611,29
298,685,30
303,345,31
341,389,32
367,788,33
373,644,34
384,5576,35
392,394,36
393,684,37
429,1332,38
430,1034,39
453,1362,40
456,2256,41
481,1208,42
510,2393,43
526,4472,44
527,3356,45
556,765,46
559,6329,47
565,1586,48
589,714,49
591,1490,50
601,1982,51
613,760,52
614,3033,53
617,2568,54
638,681,55
642,3610,56
643,3629,57
661,4497,58
684,822,59
705,2926,60
716,2072,61
740,1401,62
748,1088,63
783,1019,64
786,1244,65
798,1329,66
804,1424,67
813,1215,68
817,1150,69
823,1175,70
825,1844,71
827,1956,72
855,1285,73
869,2418,74
881,1175,75
914,1232,76
928,3510,77
963,2025,78
975,1236,79
988,2458,80
1029,1304,81
1038,2494,82
1056,1948,83
1069,2646,84
1070,1504,85
1106,1738,86
1129,4271,87
1134,1712,88
1140,1339,89
1164,1367,90
1234,1884,91
1236,1466,92
1255,1555,93
1256,1784,94
1277,1912,95
1287,1303,96
1290,3966,97
1293,2122,98
1306,1987,99
1312,1478,100
1325,1526,101
1336,3938,102
1404,2228,103
1408,2009,104
1457,2475,105
1460,2266,106
1468,4016,107
1475,1659,108
1477,2878,109
1494,2467,110
1496,2385,111
1513,3643,112
1515,1688,113
1517,2617,114
1534,2110,115
1596,2492,116
1597,2566,117
1600,1840,118
1623,2119,119
1632,2323,120
1634,1810,121
1637,1709,122
1652,2079,123
1657,1767,124
1692,2006,125
1702,3636,126
1708,2122,127
1711,1734,128
1719,2021,129
1754,3159,130
1773,1817,131
1775,2477,132
1817,2759,133
1866,2519,134
1886,2011,135
1896,2203,136
1938,2846,137
1946,2545,138
1980,5359,139
2000,2133,140
2018,3992,141
2057,4596,142
2082,2942,143
2084,2618,144
2092,3292,145
2151,2171,146
2178,2900,147
2193,2751,148
2196,2925,149
2238,3750,150
2250,2930,151
2266,2323,152
2267,4279,153
2319,3298,154
2320,2994,155
2377,2626,156
2380,2610,157
2385,5190,158
2404,2585,159
2433,2856,160
2449,3734,161
2529,2674,162
2537,4758,163
2553,2579,164
2574,3897,165
2605,3577,166
2606,3537,167
2617,6137,168
2633,3832,169
2650,2744,170
2667,3092,171
2681,4628,172
2685,4163,173
2709,6700,174
2718,4854,175
2731,2804,176
2737,3193,177
2738,2791,178
2751,4626,179
2794,2895,180
2806,3188,181
2820,3073,182
2858,2953,183
2866,4061,184
2875,6017,185
2878,3441,186
2893,3941,187
2897,4575,188
2929,3427,189
2940,3416,190
3001,3212,191
3015,3939,192
3019,6523,193
3035,3979,194
3043,3278,195
3049,9249,196
3074,5627,197
3076,3353,198
3085,3385,199
3092,3191,200
3095,6069,201
3098,3998,202
3117,5156,203
3123,4351,204
3141,3194,205
3152,6452,206
3175,3299,207
3186,4750,208
3189,3698,209
3208,3345,210
3278,3728,211
3312,3928,212
3326,4062,213
3359,5700,214
3390,3572,215
3409,3721,216
3431,4941,217
3440,4061,218
3455,4727,219
3457,3691,220
3495,3736,221
3496,4387,222
3503,4157,223
3532,6060,224
3537,6193,225
3566,3767,226
3567,6007,227
3578,3751,228
3579,5089,229
3587,3699,230
3614,3671,231
3641,4739,232
3642,4115,233
3643,3932,234
3646,4127,235
3654,4054,236
3695,4672,237
3716,5242,238
3720,4040,239
3726,5525,240
3729,5821,241
3768,4428,242
3786,4885,243
3790,5143,244
3802,3982,245
3804,4786,246
3808,5781,247
3827,9314,248
3841,4357,249
3844,3957,250
3845,4291,251
3851,4378,252
3876,4973,253
3885,5272,254
3895,4347,255
3921,6987,256
3932,5100,257
3939,4121,258
3974,4041,259
3977,6040,260
4008,4084,261
4014,5906,262
4015,7726,263
4044,4326,264
4064,4653,265
4090,4980,266
4099,4594,267
4103,5115,268
4122,5260,269
4125,4882,270
4135,4250,271
4140,4171,272
4146,4409,273
4171,4373,274
4176,4413,275
4178,6398,276
4180,5849,277
4181,4637,278
4199,5951,279
4211,4694,280
4227,5434,281
4229,4366,282
4245,5196,283
4257,4608,284
4269,4966,285
4289,5921,286
4303,4490,287
4306,4684,288
4314,8380,289
4322,4691,290
4367,5250,291
4385,4876,292
4388,5542,293
4392,4932,294
4397,7608,295
4411,4519,296
4421,5839,297
4439,4867,298
4467,4941,299
4469,7296,300
4476,5601,301
4491,4658,302
4503,5125,303
4513,4595,304
4515,4777,305
4550,4598,306
4563,5296,307
4568,5253,308
4581,6515,309
4582,6049,310
4608,5124,311
4616,4908,312
4619,4636,313
4625,6502,314
4663,5083,315
4666,6202,316
4673,5393,317
4679,4990,318
4692,7928,319
4694,5384,320
4720,5384,321
4729,6555,322
4741,4757,323
4749,4910,324
4759,6767,325
4761,8018,326
4765,4835,327
4768,5082,328
4772,5082,329
4773,5947,330
4774,5498,331
4813,6035,332
4815,5074,333
4816,5531,334
4837,6034,335
4840,5138,336
4864,5453,337
4951,5093,338
4974,5803,339
4977,5037,340
4978,5461,341
4998,6348,342
5010,6869,343
5029,5224,344
5030,5255,345
5031,5249,346
5043,5668,347
5059,6043,348
5062,5242,349
5065,5918,350
5067,5341,351
5086,6410,352
5091,6818,353
5108,5779,354
5125,5606,355
5127,6811,356
5139,5379,357
5141,5570,358
5155,5836,359
5157,6652,360
5168,6359,361
5174,6812,362
5180,6340,363
5186,7162,364
5191,5448,365
5197,8125,366
5209,5831,367
5218,5616,368
5237,5834,369
5277,5514,370
5280,8938,371
5302,5557,372
5327,7990,373
5329,5385,374
5341,6201,375
5368,5480,376
5387,6177,377
5445,6557,378
5447,6129,379
5449,5473,380
5457,5683,381
5475,6088,382
5481,6051,383
5485,5501,384
5507,6637,385
5540,6353,386
5583,9388,387
5599,6418,388
5600,5714,389
5643,5990,390
5655,5976,391
5668,5979,392
5691,8362,393
5718,6618,394
5748,7279,395
5751,8679,396
5763,6670,397
5787,6882,398
5820,6252,399
5824,6171,400
5832,6195,401
5846,6129,402
5859,6579,403
5875,8871,404
5876,5978,405
5907,7428,406
5909,5966,407
5975,7354,408
5982,7696,409
5992,10209,410
5994,7809,411
6063,9549,412
6083,6107,413
6089,6587,414
6097,6703,415
6130,6654,416
6136,6979,417
6159,6277,418
6173,6370,419
6182,6582,420
6202,6910,421
6216,8796,422
6233,7518,423
6234,7301,424
6255,6563,425
6277,6849,426
6283,6481,427
6286,7968,428
6290,6763,429
6336,6577,430
6349,6363,431
6363,7198,432
6367,7143,433
6370,7007,434
6380,7169,435
6385,7064,436
6386,6598,437
6390,6722,438
6393,7193,439
6398,7165,440
6403,9570,441
6409,7500,442
6411,8892,443
6415,6748,444
6435,7640,445
6456,6599,446
6458,6633,447
6477,7548,448
6491,7041,449
6492,6811,450
6502,6978,451
6574,6631,452
6601,7254,453
6628,6630,454
6630,8223,455
6670,6842,456
6681,7014,457
6709,7312,458
6750,7725,459
6751,12643,460
6766,6994,461
6777,7050,462
6778,7101,463
6817,7632,464
6852,7140,465
6857,8261,466
6865,6882,467
6883,13014,468
6930,7517,469
6951,7828,470
6967,8090,471
7000,8468,472
7025,7395,473
7031,8079,474
7038,9293,475
7044,8671,476
7050,7077,477
7057,8942,478
7062,7184,479
7064,7698,480
7073,8476,481
7084,7902,482
7098,8523,483
7099,7845,484
7116,7128,485
7117,7457,486
7118,7507,487
7130,7527,488
7140,7196,489
7191,7532,490
7194,8187,491
7207,8278,492
7222,7607,493
7263,7675,494
7311,7472,495
7312,7906,496
7321,7915,497
7327,9652,498
7384,8399,499
7391,9268,500
7413,7602,501
7415,7550,502
7417,9571,503
7419,8617,504
7443,8139,505
7494,8028,506
7561,11666,507
7593,7841,508
7602,9559,509
7603,8989,510
7634,9197,511
7649,7795,512
7687,7811,513
7710,10020,514
7720,7756,515
7743,9452,516
7751,8606,517
7766,7938,518
7768,8931,519
7777,12069,520
7792,8163,521
7793,7842,522
7802,8289,523
7807,8748,524
7818,8106,525
7833,9004,526
7840,10148,527
7845,8423,528
7870,8302,529
7871,7905,530
7873,7975,531
7903,12132,532
7923,8688,533
7924,8933,534
7937,8092,535
7947,9372,536
7959,8178,537
7967,8403,538
7972,11400,539
7975,10779,540
7984,8743,541
8077,9120,542
8103,9270,543
8106,8471,544
8113,8228,545
8128,8360,546
8130,8132,547
8153,9009,548
8163,8419,549
8174,8686,550
8202,9235,551
8224,9225,552
8245,8569,553
8278,11166,554
8283,10197,555
8284,8501,556
8298,9863,557
8313,13075,558
8318,8415,559
8330,9757,560
8359,9269,561
8366,8681,562
8374,10669,563
8391,8618,564
8399,9517,565
8409,9779,566
8423,8466,567
8442,10520,568
8443,9620,569
8448,8759,570
8479,11563,571
8512,8828,572
8532,8716,573
8534,9608,574
8535,9280,575
8536,9030,576
8548,11522,577
8553,12690,578
8554,8744,579
8567,8580,580
8576,8604,581
8589,8870,582
8593,9451,583
8623,10216,584
8656,9882,585
8668,8866,586
8677,9354,587
8694,9026,588
8714,10374,589
8722,12502,590
8729,11977,591
8776,8866,592
8794,9644,593
8826,9404,594
8849,9208,595
8853,8970,596
8857,11361,597
8876,9042,598
8896,9309,599
8942,9177,600
8965,9805,601
8976,9150,602
8987,10374,603
8997,9938,604
9012,9417,605
9024,10815,606
9032,10145,607
9036,9133,608
9060,10639,609
9100,9852,610
9117,9381,611
9123,9125,612
9156,10235,613
9162,9556,614
9164,13264,615
9168,9620,616
9170,10454,617
9180,9487,618
9185,10079,619
9189,10401,620
9190,9556,621
9195,10894,622
9240,9363,623
9248,14431,624
9251,9254,625
9274,10607,626
9303,9396,627
9339,9782,628
9378,9731,629
9397,9893,630
9416,11240,631
9421,10585,632
9475,9827,633
9494,10558,634
9503,10549,635
9510,9886,636
9517,10533,637
9522,10018,638
9551,10926,639
9574,11100,640
9575,10946,641
9621,14771,642
9628,10220,643
9647,9694,644
9719,10219,645
9720,10653,646
9798,10383,647
9799,16617,648
9813,10265,649
9814,10204,650
9824,9976,651
9833,12885,652
9863,9892,653
9865,10083,654
9867,10255,655
9870,10994,656
9882,10476,657
9898,10585,658
9905,11599,659
9916,12399,660
9920,11645,661
9922,11570,662
9929,10632,663
9942,10164,664
9955,10704,665
9956,10158,666
9970,11762,667
9973,9985,668
9985,12046,669
