0,39,0
3,107,1
10,616,2
11,474,3
19,853,4
27,1289,5
29,2545,6
33,356,7
43,2415,8
45,2370,9
63,349,10
74,419,11
77,327,12
86,167,13
90,241,14
91,172,15
92,1142,16
97,315,17
101,345,18
103,600,19
104,1905,20
110,216,21
125,284,22
133,1053,23
135,2224,24
145,168,25
153,334,26
162,1397,27
166,1397,28
193,1509,29
195,582,30
198,240,31
222,270,32
239,660,33
243,514,34
250,5442,35
256,258,36
257,548,37
280,1183,38
281,885,39
296,1205,40
298,2098,41
314,1041,42
333,2216,43
343,4289,44
344,3173,45
363,572,46
365,6135,47
369,1390,48
385,510,49
386,1285,50
392,1773,51
400,547,52
401,2820,53
403,2354,54
417,460,55
420,3388,56
421,3407,57
433,4269,58
448,586,59
461,2682,60
468,1824,61
484,1145,62
489,829,63
512,748,64
514,972,65
522,1053,66
526,1146,67
532,934,68
535,868,69
539,891,70
540,1559,71
541,1670,72
559,989,73
568,2117,74
576,870,75
597,915,76
606,3188,77
629,1691,78
637,898,79
645,2115,80
671,946,81
677,2133,82
689,1581,83
697,2274,84
698,1132,85
721,1353,86
736,3878,87
740,1318,88
744,943,89
759,962,90
804,1454,91
805,1035,92
817,1117,93
818,1346,94
832,1467,95
839,855,96
841,3517,97
843,1672,98
851,1532,99
855,1021,100
864,1065,101
871,3473,102
915,1739,103
918,1519,104
949,1967,105
951,1757,106
956,3504,107
961,1145,108
962,2363,109
973,1946,110
974,1863,111
985,3115,112
986,1159,113
987,2087,114
998,1574,115
1038,1934,116
1039,2008,117
1041,1281,118
1056,1552,119
1062,1753,120
1063,1239,121
1065,1137,122
1075,1502,123
1078,1188,124
1101,1415,125
1107,3041,126
1111,1525,127
1113,1136,128
1118,1420,129
1141,2546,130
1153,1197,131
1154,1856,132
1181,2123,133
1212,1865,134
1225,1350,135
1232,1539,136
1259,2167,137
1264,1863,138
1286,4665,139
1299,1432,140
1310,3284,141
1335,3874,142
1351,2211,143
1352,1886,144
1358,2558,145
1396,1416,146
1413,2135,147
1423,1981,148
1425,2154,149
1452,2964,150
1460,2140,151
1470,1527,152
1471,3483,153
1504,2483,154
1505,2179,155
1541,1790,156
1543,1773,157
1547,4352,158
1559,1740,159
1577,2000,160
1587,2872,161
1638,1783,162
1643,3864,163
1653,1679,164
1666,2989,165
1686,2658,166
1687,2618,167
1694,5214,168
1704,2903,169
1715,1809,170
1726,2151,171
1735,3682,172
1738,3216,173
1754,5745,174
1760,3896,175
1768,1841,176
1772,2228,177
1773,1826,178
1781,3656,179
1808,1909,180
1816,2198,181
1825,2078,182
1850,1945,183
1855,3050,184
1861,5003,185
1863,2426,186
1873,2921,187
1876,3554,188
1896,2394,189
1903,2379,190
1942,2153,191
1951,2875,192
1953,5457,193
1964,2908,194
1969,2204,195
1973,8173,196
1989,4542,197
1990,2267,198
1996,2296,199
2000,2099,200
2002,4976,201
2004,2904,202
2017,4056,203
2021,3249,204
2033,2086,205
2040,5340,206
2055,2179,207
2062,3626,208
2064,2573,209
2076,2213,210
2121,2571,211
2143,2759,212
2152,2888,213
2173,4514,214
2193,2375,215
2205,2517,216
2219,3729,217
2225,2846,218
2235,3507,219
2236,2470,220
2261,2502,221
2262,3153,222
2267,2921,223
2286,4814,224
2289,4945,225
2308,2509,226
2309,4749,227
2316,2489,228
2317,3827,229
2322,2434,230
2340,2397,231
2357,3455,232
2358,2831,233
2359,2648,234
2361,2842,235
2366,2766,236
2392,3369,237
2406,3932,238
2408,2728,239
2412,4211,240
2414,4506,241
2439,3099,242
2451,3550,243
2454,3807,244
2462,2642,245
2463,3445,246
2466,4439,247
2478,7965,248
2487,3003,249
2489,2602,250
2490,2936,251
2494,3021,252
2510,3607,253
2516,3903,254
2522,2974,255
2539,5605,256
2546,3714,257
2551,2733,258
2573,2640,259
2575,4638,260
2595,2671,261
2599,4491,262
2600,6311,263
2618,2900,264
2631,3220,265
2648,3538,266
2654,3149,267
2657,3669,268
2669,3807,269
2671,3428,270
2678,2793,271
2681,2712,272
2685,2948,273
2701,2903,274
2705,2942,275
2706,4926,276
2707,4376,277
2708,3164,278
2720,4472,279
2728,3211,280
2739,3946,281
2741,2878,282
2752,3703,283
2760,3111,284
2768,3465,285
2781,4413,286
2790,2977,287
2792,3170,288
2797,6863,289
2802,3171,290
2831,3714,291
2843,3334,292
2845,3999,293
2848,3388,294
2851,6062,295
2860,2968,296
2866,4284,297
2878,3306,298
2896,3370,299
2897,5724,300
2902,4027,301
2912,3079,302
2920,3542,303
2927,3009,304
2929,3191,305
2951,2999,306
2960,3693,307
2964,3649,308
2972,4906,309
2973,4440,310
2990,3506,311
2995,3287,312
2997,3014,313
3001,4878,314
3025,3445,315
3027,4563,316
3032,3752,317
3036,3347,318
3044,6280,319
3046,3736,320
3063,3727,321
3069,4895,322
3077,3093,323
3082,3243,324
3089,5097,325
3090,6347,326
3093,3163,327
3095,3409,328
3098,3408,329
3099,4273,330
3100,3824,331
3125,4347,332
3127,3386,333
3128,3843,334
3141,4338,335
3143,3441,336
3159,3748,337
3215,3357,338
3230,4059,339
3232,3292,340
3233,3716,341
3246,4596,342
3254,5113,343
3266,3461,344
3267,3492,345
3268,3486,346
3276,3901,347
3286,4270,348
3288,3468,349
3290,4143,350
3291,3565,351
3303,4627,352
3306,5033,353
3317,3988,354
3328,3809,355
3329,5013,356
3337,3577,357
3339,3768,358
3348,4029,359
3349,4844,360
3356,4547,361
3360,4998,362
3364,4524,363
3368,5344,364
3371,3628,365
3375,6303,366
3383,4005,367
3389,3787,368
3401,3998,369
3427,3664,370
3429,7087,371
3443,3698,372
3459,6122,373
3460,3516,374
3468,4328,375
3485,3597,376
3497,4287,377
3534,4646,378
3535,4217,379
3537,3561,380
3542,3768,381
3554,4167,382
3558,4128,383
3561,3577,384
3575,4705,385
3596,4409,386
3624,7429,387
3634,4453,388
3635,3749,389
3663,4010,390
3671,3992,391
3679,3990,392
3694,6365,393
3711,4611,394
3730,5261,395
3732,6660,396
3740,4647,397
3755,4850,398
3776,4208,399
3779,4126,400
3784,4147,401
3793,4076,402
3802,4522,403
3813,6809,404
3814,3916,405
3834,5355,406
3836,3893,407
3878,5257,408
3882,5596,409
3889,8106,410
3890,5705,411
3934,7420,412
3947,3971,413
3951,4449,414
3956,4562,415
3977,4501,416
3981,4824,417
3996,4114,418
4005,4202,419
4011,4411,420
4024,4732,421
4033,6613,422
4044,5329,423
4045,5112,424
4058,4366,425
4072,4644,426
4076,4274,427
4078,5760,428
4081,4554,429
4110,4351,430
4118,4132,431
4127,4962,432
4130,4906,433
4132,4769,434
4138,4927,435
4141,4820,436
4142,4354,437
4145,4477,438
4147,4947,439
4150,4917,440
4154,7321,441
4158,5249,442
4159,6640,443
4161,4494,444
4174,5379,445
4187,4330,446
4189,4364,447
4202,5273,448
4211,4761,449
4212,4531,450
4218,4694,451
4264,4321,452
4281,4934,453
4298,4300,454
4299,5892,455
4324,4496,456
4331,4664,457
4349,4952,458
4375,5350,459
4376,10268,460
4386,4614,461
4393,4666,462
4394,4717,463
4419,5234,464
4442,4730,465
4445,5849,466
4451,4468,467
4463,10594,468
4493,5080,469
4507,5384,470
4517,5640,471
4538,6006,472
4554,4924,473
4558,5606,474
4563,6818,475
4567,6194,476
4571,4598,477
4576,6461,478
4580,4702,479
4581,5215,480
4587,5990,481
4594,5412,482
4603,6028,483
4604,5350,484
4615,4627,485
4616,4956,486
4617,5006,487
4625,5022,488
4631,4687,489
4664,5005,490
4666,5659,491
4675,5746,492
4685,5070,493
4711,5123,494
4742,4903,495
4743,5337,496
4749,5343,497
4753,7078,498
4790,5805,499
4795,6672,500
4809,4998,501
4810,4945,502
4811,6965,503
4813,6011,504
4828,5524,505
4861,5395,506
4904,9009,507
4924,5172,508
4930,6887,509
4931,6317,510
4951,6514,511
4961,5107,512
4985,5109,513
5000,7310,514
5006,5042,515
5021,6730,516
5026,5881,517
5036,5208,518
5038,6201,519
5044,9336,520
5054,5425,521
5055,5104,522
5061,5548,523
5065,6006,524
5072,5360,525
5082,6253,526
5087,7395,527
5090,5668,528
5106,5538,529
5107,5141,530
5108,5210,531
5128,9357,532
5141,5906,533
5142,6151,534
5150,5305,535
5157,6582,536
5165,5384,537
5170,5606,538
5173,8601,539
5175,7979,540
5181,5940,541
5241,6284,542
5258,6425,543
5260,5625,544
5265,5380,545
5275,5507,546
5276,5278,547
5291,6147,548
5298,5554,549
5305,5817,550
5323,6356,551
5337,6338,552
5350,5674,553
5371,8259,554
5374,7288,555
5375,5592,556
5384,6949,557
5393,10155,558
5396,5493,559
5404,6831,560
5423,6333,561
5427,5742,562
5432,7727,563
5443,5670,564
5448,6566,565
5454,6824,566
5463,5506,567
5476,7554,568
5477,6654,569
5480,5791,570
5500,8584,571
5521,5837,572
5534,5718,573
5535,6609,574
5536,6281,575
5537,6031,576
5545,8519,577
5548,9685,578
5549,5739,579
5558,5571,580
5564,5592,581
5572,5853,582
5575,6433,583
5594,7187,584
5615,6841,585
5623,5821,586
5629,6306,587
5640,5972,588
5653,7313,589
5658,9438,590
5663,8911,591
5693,5783,592
5705,6555,593
5726,6304,594
5741,6100,595
5744,5861,596
5747,8251,597
5759,5925,598
5772,6185,599
5802,6037,600
5817,6657,601
5824,5998,602
5831,7218,603
5837,6778,604
5847,6252,605
5855,7646,606
5861,6974,607
5864,5961,608
5880,7459,609
5906,6658,610
5917,6181,611
5921,5923,612
5942,7021,613
5946,6340,614
5947,10047,615
5950,6402,616
5952,7236,617
5958,6265,618
5962,6856,619
5965,7177,620
5966,6332,621
5969,7668,622
5998,6121,623
6003,11186,624
6005,6008,625
6020,7353,626
6038,6131,627
6061,6504,628
6086,6439,629
6099,6595,630
6112,7936,631
6115,7279,632
6150,6502,633
6163,7227,634
6169,7215,635
6174,6550,636
6179,7195,637
6182,6678,638
6200,7575,639
6215,7741,640
6216,7587,641
6245,11395,642
6250,6842,643
6262,6309,644
6308,6808,645
6309,7242,646
6359,6944,647
6360,13178,648
6369,6821,649
6370,6760,650
6377,6529,651
6383,9435,652
6403,6432,653
6404,6622,654
6406,6794,655
6408,7532,656
6416,7010,657
6426,7113,658
6431,8125,659
6438,8921,660
6441,8166,661
6442,8090,662
6447,7150,663
6455,6677,664
6464,7213,665
6465,6667,666
6474,8266,667
6476,6488,668
6484,8545,669
6494,7386,670
6512,6952,671
6519,8589,672
6524,7211,673
6529,8332,674
6543,6883,675
6566,7564,676
6572,7705,677
6587,7389,678
6601,6669,679
6606,6629,680
6639,9410,681
6645,6736,682
6653,7626,683
6678,7504,684
6702,7356,685
6707,6993,686
6715,6847,687
6719,6793,688
6726,7261,689
6743,7337,690
6747,8177,691
6756,7665,692
6757,7539,693
6770,7274,694
6775,8182,695
6790,7886,696
6810,8032,697
6816,9650,698
6821,6959,699
6828,8131,700
6838,8646,701
6839,7009,702
6843,6913,703
6860,7090,704
6870,8253,705
6872,12094,706
6880,7392,707
6890,6976,708
6906,8470,709
6908,8847,710
6931,8091,711
6934,7281,712
6937,8341,713
6944,7989,714
6948,7635,715
6967,7031,716
6976,9330,717
6979,10336,718
6993,7750,719
7003,8751,720
7004,7802,721
7008,7031,722
7020,7142,723
7025,8616,724
7035,10693,725
7038,7674,726
7057,8474,727
7072,8795,728
7074,7903,729
7077,13255,730
7085,7521,731
7087,7621,732
7090,9140,733
7096,7132,734
7107,7412,735
7114,7561,736
7121,7131,737
7122,7314,738
7128,7785,739
7131,8597,740
7146,7237,741
7150,9444,742
7158,7987,743
7164,9704,744
7187,7761,745
7191,7577,746
7200,7450,747
7224,8701,748
7225,9079,749
7236,7804,750
7240,7374,751
7246,7422,752
7255,8040,753
7256,10703,754
7267,7625,755
7282,9897,756
7284,8279,757
7286,8575,758
7307,8515,759
7311,8188,760
7314,7474,761
7322,8189,762
7327,9377,763
7333,8389,764
7334,8527,765
7344,8402,766
7346,7747,767
7350,7472,768
7387,7969,769
7395,11921,770
7399,8819,771
7400,9922,772
7412,7729,773
7418,7914,774
7427,7673,775
7429,7449,776
7437,8038,777
7445,8914,778
7464,7712,779
7481,8037,780
7504,7709,781
7507,9438,782
7509,8014,783
7530,8571,784
7540,12133,785
7553,7665,786
7554,7880,787
7566,7807,788
7582,7746,789
7603,7641,790
7607,8625,791
7608,8488,792
7616,9799,793
7620,10108,794
7623,8626,795
7629,7639,796
7632,7817,797
7634,8551,798
7645,7797,799
7647,8151,800
7668,10576,801
7670,7738,802
7680,8066,803
7689,8062,804
7694,7890,805
7697,10424,806
7713,7964,807
7716,9203,808
7731,8655,809
7734,9490,810
7742,12352,811
7748,8412,812
7756,7880,813
7758,8564,814
7783,9390,815
7785,9497,816
7787,8656,817
7797,8905,818
7818,9225,819
7840,9313,820
7842,9523,821
7854,9078,822
7867,8194,823
7872,8492,824
7887,9853,825
7890,8658,826
7891,7945,827
7937,8316,828
7938,8467,829
7984,8312,830
7986,8146,831
8000,8290,832
8013,8490,833
8018,8421,834
8024,8448,835
8028,9810,836
8039,8561,837
8042,11455,838
8049,9817,839
8053,8718,840
8066,8461,841
8074,10100,842
8076,8335,843
8091,9029,844
8097,11931,845
8104,9454,846
8114,8607,847
8129,8329,848
8130,10492,849
8134,8611,850
8152,13646,851
8161,9201,852
8164,8618,853
8172,9049,854
8179,8284,855
8207,8494,856
8214,8295,857
8239,8902,858
8272,8302,859
8274,8881,860
8276,9253,861
8293,8768,862
8303,9644,863
8309,8563,864
8310,9895,865
8317,10038,866
8320,8803,867
8327,8698,868
8349,8552,869
8350,12290,870
8360,8633,871
8368,9170,872
8370,8641,873
8372,9226,874
8398,9571,875
8409,9653,876
8421,11113,877
8422,9305,878
8455,9284,879
8471,8571,880
8473,9247,881
8504,8899,882
8523,8759,883
8524,9406,884
8557,8817,885
8558,9055,886
8571,9851,887
8573,10217,888
8575,8949,889
8582,8767,890
8594,9121,891
8595,9190,892
8608,8774,893
8614,10370,894
8636,9140,895
8639,8956,896
8641,10144,897
8656,9152,898
8674,9711,899
8679,12070,900
8685,8742,901
8686,10358,902
8687,10669,903
8707,9179,904
8718,9144,905
8737,8806,906
8744,9618,907
8749,8912,908
8752,9251,909
8753,10011,910
8754,9255,911
8756,8932,912
8760,9080,913
8774,8924,914
8778,9110,915
8787,10278,916
8789,9235,917
8798,10689,918
8806,9214,919
8807,9293,920
8814,10490,921
8825,9172,922
8831,9620,923
8834,8955,924
8838,10472,925
8840,10059,926
8844,12773,927
8846,9794,928
8847,9615,929
8864,9788,930
8868,9167,931
8871,9178,932
8872,9751,933
8881,9111,934
8891,9196,935
8896,10491,936
8902,10451,937
8905,9219,938
8918,10296,939
8933,9776,940
8936,10689,941
8940,9467,942
8952,10781,943
8962,15483,944
8968,11026,945
8985,9625,946
8987,11693,947
8988,10314,948
8992,9781,949
8995,9230,950
9029,11255,951
9049,10377,952
9060,10029,953
9065,10465,954
9087,9671,955
9096,9485,956
9102,9161,957
9104,10376,958
9105,9554,959
9115,9418,960
9132,9658,961
9133,9482,962
9137,10312,963
9156,9653,964
9162,9353,965
9165,11404,966
9183,9466,967
9186,9583,968
9193,10471,969
9235,9994,970
9243,10223,971
9248,9850,972
9250,9922,973
9275,9662,974
9278,10349,975
9289,9842,976
9302,9379,977
9317,9688,978
9322,11014,979
9324,9914,980
9329,9341,981
9345,10611,982
9369,13103,983
9371,11081,984
9372,9728,985
9376,9584,986
9377,9770,987
9378,9782,988
9390,10425,989
9423,10287,990
9432,10422,991
9436,11171,992
9447,12078,993
9456,9697,994
9464,9733,995
9467,12782,996
9482,10451,997
9498,10094,998
9503,9961,999
9526,9643,1000
9532,10891,1001
9536,9803,1002
9537,10158,1003
9545,10186,1004
9548,10402,1005
9568,9721,1006
9579,10571,1007
9602,9639,1008
9617,11863,1009
9627,12105,1010
9628,11384,1011
9643,11473,1012
9666,10963,1013
9667,14608,1014
9674,10505,1015
9677,11097,1016
9693,9741,1017
9699,11342,1018
9703,10138,1019
9722,10686,1020
9723,9734,1021
9724,9991,1022
9730,10177,1023
9756,10432,1024
9772,13098,1025
9774,9978,1026
9790,10694,1027
9793,12555,1028
9795,9895,1029
9806,10819,1030
9807,11601,1031
9809,11264,1032
9835,11866,1033
9844,10808,1034
9848,10191,1035
9865,11789,1036
9899,11359,1037
9903,10367,1038
9905,10450,1039
9909,9935,1040
9921,10121,1041
9922,11934,1042
9931,12797,1043
9932,11376,1044
9960,11458,1045
9977,13456,1046
9998,10019,1047
