0,2,15,22039,3,6,1,2
1,23,65,20048,0,3,4
2,16,34,50488,1,0,2,6,3
3,45,19,15875,3,2,6,4,1,5
4,22,15,31980,2,3,0,5,1
5,77,20,800000,5,6,3,4,2,1
6,54,20,13030,1,4,6,2,3
7,45,65,14038,6,1,4,5
8,3,64,242522,4,1,3
9,63,61,800000,3,1,0,2
10,26,65,18326,0,5,2
11,63,61,800000,3,1,0,2
12,25,64,13640,0,3,2,4,6,1
13,77,39,46267,6,1,3
14,26,15,17050,1,5,4,2
15,73,17,23348,5,1,3,4,0
16,65,15,40227,3,2,0,6,4,5
17,45,50,233602,6,4,1
18,50,61,800000,5,6,1
19,6,64,800000,2,3,0,5,6,4
20,22,66,585272,6,0,5,3
21,16,15,47207,1,4,6,5,0,2
22,45,17,14253,2,0,5,3,6
23,2,15,22788,6,3,2,0,5
24,3,13,94342,3,0,4,2,1,5
25,0,20,121369,6,5,0,1
26,22,50,558825,6,5,3
27,62,20,61718,1,4,3
28,25,73,25953,4,3,2,0,1,5
29,2,50,800000,0,1,3,2,6
30,63,39,55556,5,0,2,3
31,31,62,93282,2,0,5,4,1
32,54,17,27679,4,5,1,3,6
33,62,66,57773,2,1,6,4
34,25,34,44254,5,3,0,1,6,4
35,6,62,59186,3,4,6,0
36,25,17,22885,0,4,3,6,1,5
37,65,64,12611,2,6,1,4,0
38,16,65,41560,5,6,0,3,2,4
39,50,39,54702,6,0,2
40,2,39,49849,3,1,6,5,4
41,2,15,22256,3,6,5,1,2
42,40,62,62289,3,4,6,2
43,2,61,800000,0,3,4,1,2
44,62,66,70432,6,2,1,0
45,45,15,15410,2,6,3
46,23,64,304388,5,4,2
47,16,42,179668,5,6,4,0,3
48,26,64,14773,6,0,3
49,63,20,800000,6,4,0,2,1
50,31,19,32344,6,5,3,4,0,2
51,0,61,130082,2,4,5,1,6,3
52,62,42,67035,0,1,2,3,5,4
53,3,34,10409,0,4,2
54,63,64,800000,3,0,6,4
55,63,64,800000,2,1,4,6
56,63,62,52648,4,1,6
57,25,61,18950,3,5,4,0,1,6
58,54,15,39067,0,1,4,3,2
59,3,65,10047,4,6,2,3,1
60,31,65,24176,4,5,2,1,3,6
61,63,50,800000,6,3,4
62,23,64,349269,3,0,5,2,4,1
63,0,13,89787,6,5,3,1,4
64,77,62,69319,3,5,4,0,6
65,54,34,32587,5,6,2,3,0,4
66,26,17,15027,1,6,2,3,4,0
67,15,17,22963,4,1,2
68,16,15,50153,0,2,1
69,45,13,89340,1,5,4,2,6
70,77,17,13289,6,1,2
71,45,15,15410,2,6,3
72,31,64,289336,5,3,4
73,6,50,800000,2,6,3,4
74,16,66,131729,5,1,3
75,40,39,49951,3,6,1,5,2,0
76,40,39,37763,5,2,6,3,0
77,40,17,16685,2,0,6,5
78,31,42,127436,0,2,6,1
79,25,20,11717,4,0,6,2,3,5
80,3,20,253622,1,2,6,0
81,16,64,375563,4,5,2,1,6,3
82,25,34,44254,5,3,0,1,6,4
83,26,34,17610,3,1,6,5
84,15,64,13536,1,5,6
85,73,15,27060,3,2,4,1,6,5
86,2,66,598831,3,6,4,5,0,2
87,16,65,39668,2,5,4,6,3,1
88,23,20,371694,4,3,6,2,5,1
89,25,15,44558,6,4,3,5,2,1
90,45,15,14099,1,5,6
91,65,73,24493,3,4,1,2,5,0
92,22,65,27692,1,3,0
93,26,19,16879,4,0,5
94,2,50,549641,0,5,2,4,6
95,1,66,800000,6,5,0,2,1
96,16,34,41950,3,0,5,1,2
97,1,50,800000,0,5,6,1,2,4
98,77,62,73998,4,1,2
99,45,64,505500,2,6,4,0,5,1
100,0,64,98057,2,1,4,6,3,0
101,26,17,15027,1,6,2,3,4,0
102,22,13,500583,6,5,2,0,1
103,6,50,800000,5,0,6,4,3,1
104,45,62,56007,1,0,4,3,2,6
105,77,15,13285,5,0,1,6
106,40,42,206176,0,4,5
107,50,66,800000,0,4,2,3,1
108,31,73,23195,0,3,2,5,4,1
109,0,39,45823,4,2,3,6
110,23,64,304388,5,4,2
111,22,19,32218,3,1,6,4
112,31,39,48693,4,1,3,2,6
113,0,61,130082,2,4,5,1,6,3
114,16,20,358150,4,0,3,1,5
115,22,50,514105,0,5,4,6,3
116,3,15,10803,6,5,0
117,3,61,268162,5,0,4
118,26,34,17484,4,1,0,2
119,50,20,800000,3,4,2
120,22,19,36429,1,0,5
121,40,34,15692,4,5,6,0,1
122,45,15,15410,2,6,3
123,16,66,125580,1,3,4,0,2
124,77,62,61109,1,4,2,3,0,5
125,0,20,148040,5,0,4,2,3
126,1,64,800000,0,4,1,2,3,6
127,26,61,14695,3,0,4,1,2,6
128,6,62,65061,3,1,6
129,23,13,117965,2,5,4,0,6,3
130,26,15,17534,0,4,5
131,50,39,54702,6,0,2
132,62,50,57936,2,6,3,4
133,25,73,25953,4,3,2,0,1,5
134,77,65,12506,0,2,4
135,31,17,23993,1,3,0
136,1,62,62728,1,5,6,4,2
137,25,15,44558,6,4,3,5,2,1
138,25,65,32459,2,5,4
139,31,17,24025,3,1,0
140,45,15,14099,1,5,6
141,40,73,12586,2,4,1,5,0
142,16,34,50154,1,4,0,6,3
143,50,64,485505,2,5,4,0,1,6
144,3,61,268162,5,0,4
145,65,34,36059,1,5,6,4,0,2
146,40,20,355017,1,6,4,3,0
147,62,61,67119,4,3,5,1,2
148,23,42,220389,5,4,1
149,62,50,65512,5,6,4,2,1,0
150,25,64,12791,3,2,0
151,23,62,74256,4,2,1,5,0
152,22,17,24420,3,2,0,6,4
153,0,66,129558,2,6,5
154,65,15,39805,3,0,5
155,40,64,459201,2,3,1,6,5
156,73,15,27083,3,1,4,6
157,22,42,93118,5,2,6,0
158,16,19,32303,6,1,2,3
159,23,39,46279,1,5,2,4,3,6
160,62,20,88704,3,6,1
161,40,73,12586,2,4,1,5,0
162,26,39,10151,6,3,0
163,16,39,42018,1,5,3,0,6
164,22,17,24420,3,2,0,6,4
165,45,34,14719,1,0,4,3
166,1,15,11181,6,0,2,1
167,63,42,464345,5,6,4
168,23,62,67897,1,0,2,3
169,31,19,39361,5,2,4,3,1
170,62,20,73865,1,5,4
171,65,34,42012,5,4,0,1
172,22,42,88371,6,0,3,1,2
173,31,62,93282,2,0,5,4,1
174,3,39,46641,2,6,0,4
175,62,61,90724,4,0,6,3
176,2,62,77351,2,1,4
177,22,42,88371,6,0,3,1,2
178,31,13,95847,5,1,6
179,45,64,534655,6,3,4,1,2
180,23,17,18714,3,5,6,1
181,65,19,36237,4,2,1,5,0,6
182,16,15,46744,1,3,6,5
183,40,13,84258,1,3,4,6
184,3,61,264497,2,0,6,5,3
185,23,20,280042,0,5,2,1,4,3
186,6,61,800000,5,4,0,6,3,1
187,0,39,45481,6,1,2
188,6,39,58944,3,2,5,6,4,1
189,2,13,505389,2,4,5,6
190,40,64,459201,2,3,1,6,5
191,16,64,378337,6,2,1
192,62,64,78219,1,2,6,0,5
193,50,13,800000,2,1,4,0,5,3
194,16,65,32704,4,2,6,5
195,31,15,43624,5,0,1,4,2
196,0,66,105786,0,5,3,6,4
197,16,73,28215,4,3,1
198,15,61,18068,0,5,3
199,15,61,18068,0,5,3
200,22,15,27483,3,4,1
201,0,64,127933,6,1,3,0,2
202,16,65,33925,5,6,2,1,4,3
203,15,20,11370,2,0,6,1,4,5
204,22,17,24688,0,6,3,2,5,4
205,6,50,800000,2,6,3,4
206,3,20,245909,3,4,5,1,2,0
207,77,42,526495,5,3,1,4,6,2
208,77,50,770604,1,6,5,3,0
209,45,17,14253,2,0,5,3,6
210,62,66,66500,1,6,5,2,0,4
211,6,64,800000,6,4,1,2,5
212,31,62,58627,0,6,3,1,2,4
213,45,15,15426,2,4,5,6,3,1
214,26,73,18326,5,1,0,2
215,77,20,800000,5,6,3,4,2,1
216,63,50,800000,0,1,3,4
217,6,13,800000,6,3,4,0,1,5
218,15,34,46250,2,4,0,3,5,6
219,15,64,13536,1,5,6
220,54,15,36629,6,2,1,3
221,73,34,25169,5,1,0
222,31,34,35072,3,0,2
223,65,64,12611,2,6,1,4,0
224,63,39,44148,2,1,6,3,4
225,54,34,32587,5,6,2,3,0,4
226,16,62,87807,0,4,5
227,23,66,184741,5,2,0,1,6,3
228,62,61,86594,5,2,0,6,3
229,3,39,46311,5,3,0
230,25,61,20256,6,2,4
231,6,64,800000,2,0,6,5
232,1,13,800000,5,4,0,3
233,31,17,23993,1,3,0
234,40,64,426092,6,5,0
235,23,62,67387,1,5,0,4,6
236,45,13,89340,1,5,4,2,6
237,63,66,800000,6,3,5
238,15,20,10356,0,2,4,3
239,16,73,27284,4,6,5,0,2
240,3,61,264497,2,0,6,5,3
241,22,19,32218,3,1,6,4
242,22,66,465198,5,0,6,1,2,3
243,73,34,27811,1,6,0
244,16,13,109229,3,1,6,0
245,40,13,69519,3,4,0,2
246,25,64,13759,3,6,5,0
247,31,62,93282,2,0,5,4,1
248,62,13,61065,3,0,1,2,4
249,45,17,12382,5,1,0,3
250,23,17,16328,0,5,2,3
251,6,66,800000,0,2,1
252,6,61,800000,4,5,2,3
253,15,34,43112,0,5,4
254,6,13,800000,6,3,4,0,1,5
255,0,64,109466,0,6,4
256,15,34,38759,4,6,2,5,1
257,65,34,34548,2,1,0,6
258,2,73,22721,0,6,4,2,5
259,31,61,430146,1,5,0,2,3
260,6,39,61754,3,4,0
261,45,19,13004,2,4,1,5,3,0
262,16,39,48571,4,3,5,2
263,40,15,14420,4,6,1
264,2,15,22256,3,6,5,1,2
265,45,42,156172,1,0,3
266,23,20,280042,0,5,2,1,4,3
267,22,19,32218,3,1,6,4
268,31,66,140337,6,0,2,4,3
269,31,62,58627,0,6,3,1,2,4
270,16,61,442152,2,0,1,3
271,50,61,800000,5,6,1
272,45,20,364302,2,1,5,6,3
273,2,34,22920,5,1,3,6
274,25,64,12791,3,2,0
275,77,65,12417,1,0,4
276,45,73,15027,1,0,5,6
277,40,42,191099,2,1,6,0,3
278,65,19,36237,4,2,1,5,0,6
279,25,19,43776,0,6,4
280,16,73,28215,4,3,1
281,63,64,800000,2,1,4,6
282,45,73,15027,1,0,5,6
283,77,65,12417,1,0,4
284,15,61,22084,5,6,4,2
285,77,39,44634,6,4,5,3,0
286,77,73,12379,4,3,2,5
287,40,61,455662,6,1,2,5,0
288,73,17,25959,2,5,4,6,3,1
289,3,19,11127,3,0,6,4,2,5
290,15,34,43112,0,5,4
291,73,17,23348,5,1,3,4,0
292,62,13,55279,3,4,2,6
293,40,42,191099,2,1,6,0,3
294,23,64,304388,5,4,2
295,45,42,200340,3,5,0,1,6
296,40,62,83758,2,1,4,3,5,0
297,16,20,383979,0,4,3,2
298,73,65,25488,5,2,1,3,0
299,62,50,65512,5,6,4,2,1,0
300,6,62,59837,0,1,2,5
301,45,42,156172,1,0,3
302,77,50,800000,0,6,1,4
303,65,73,27107,6,1,0,4
304,62,50,71863,1,4,6
305,23,20,341924,5,3,2,4
306,2,73,23573,0,5,2,3
307,50,20,800000,1,4,5,0,2,3
308,15,17,20476,2,3,0
309,2,34,20616,2,0,3,6,1,5
310,23,19,15750,5,1,4,3
311,1,50,800000,5,6,0,3,1,4
312,73,64,14112,2,0,1,5
313,77,62,73998,4,1,2
314,54,15,39067,0,1,4,3,2
315,45,17,12382,5,1,0,3
316,31,62,75631,4,0,6
317,15,20,10356,0,2,4,3
318,65,34,33112,5,1,0
319,63,39,51178,1,6,4
320,40,34,14976,3,5,2,0,4,6
321,0,39,48053,2,0,6,3
322,16,13,109229,3,1,6,0
323,50,13,800000,6,2,3
324,22,64,363881,3,1,0
325,65,73,24493,3,4,1,2,5,0
326,45,15,15426,2,4,5,6,3,1
327,31,64,317897,3,4,1,2,0
328,50,42,474922,5,3,4,6
329,2,19,19594,2,5,1,6
330,77,39,44634,6,4,5,3,0
331,63,61,800000,3,1,0,2
332,73,15,28585,0,1,5,6
333,25,73,30241,3,1,4,0,2
334,54,15,36629,6,2,1,3
335,40,50,196433,3,1,2,6,5
336,1,42,669075,3,6,1
337,16,61,442152,2,0,1,3
338,65,61,18097,6,1,2,0,4
339,3,62,64866,2,0,5,4,6
340,31,66,115697,2,0,1,3
341,3,13,94342,3,0,4,2,1,5
342,0,61,130082,2,4,5,1,6,3
343,1,61,800000,2,5,3,0,6
344,25,19,36516,2,0,4,1,6,3
345,1,17,10168,5,1,4,2,0
346,23,34,17750,5,1,3
347,16,66,117860,4,1,3
348,2,61,800000,6,1,2,3
349,2,65,23147,5,4,0,6
350,2,62,74009,5,2,4,0,1
351,3,39,46311,5,3,0
352,23,62,67897,1,0,2,3
353,54,61,23274,2,3,6,1
354,3,61,169763,3,5,2,0,1
355,22,64,434593,3,0,5,6,1
356,25,20,10072,0,6,2,5,4,3
357,16,13,79718,0,2,1
358,45,73,14415,6,0,3
359,73,20,12165,1,6,4
360,50,62,58524,3,6,4,2,1
361,16,15,46744,1,3,6,5
362,22,13,541251,0,2,5,4
363,31,39,48693,4,1,3,2,6
364,54,15,33438,4,1,0
365,16,13,98888,2,5,6,0,4,3
366,31,20,337702,5,2,4,3,6,0
367,16,42,164979,6,4,1,0
368,15,61,22084,5,6,4,2
369,31,42,165534,3,0,2,1
370,16,42,158796,6,1,4
371,40,65,14449,4,5,0,2
372,45,64,373913,4,1,3
373,63,50,800000,4,3,1,2,6,0
374,22,64,504569,4,5,0,1,2
375,45,19,13131,3,6,4,2,5
376,77,19,13221,6,0,5,1,2,3
377,16,66,131729,5,1,3
378,2,39,59513,2,0,6
379,45,39,49942,5,3,4,2,1,6
380,15,73,26519,5,2,1,4,6
381,6,42,610885,2,5,4,0,3,6
382,63,64,800000,5,6,0
383,77,73,12199,5,1,2,4,3
384,54,19,30827,0,2,4,5,1,3
385,1,13,800000,4,1,6
386,65,20,11063,2,3,4
387,22,20,465570,6,2,5,0,4
388,31,61,460024,0,4,5,2,3
389,45,42,154200,2,3,0,4
390,77,13,582812,3,2,0
391,45,62,59734,0,5,6,4,1,3
392,23,50,212221,6,4,0,1,3,2
393,40,13,95812,4,1,0,3,2
394,73,19,24603,5,6,1
395,6,20,800000,1,4,0,6,2,5
396,65,61,19638,3,6,2
397,63,61,800000,3,1,0,2
398,6,62,65061,3,1,6
399,22,65,27816,4,2,6
400,23,66,198678,3,2,5,4
401,31,17,24025,3,1,0
402,1,64,800000,1,2,4,3,6,5
403,50,42,474922,5,3,4,6
404,16,15,50153,0,2,1
405,63,13,800000,4,2,1,5,6
406,3,42,158963,2,0,4
407,1,64,800000,1,2,4,3,6,5
408,31,19,35385,3,0,2,4
409,31,20,314171,3,0,2
410,26,20,12054,3,1,0,2
411,2,17,18860,5,6,3,4,1,2
412,6,62,59837,0,1,2,5
413,23,13,106770,6,3,1,4,0
414,50,13,800000,6,5,1,0,2,4
415,31,42,175587,4,2,1,3,5
416,16,50,166251,2,5,1,3,6
417,23,17,15707,5,0,2,1,6
418,22,19,32218,3,1,6,4
419,0,64,98057,2,1,4,6,3,0
420,73,20,12165,1,6,4
421,23,65,16180,4,0,1,3,5,6
422,0,64,98057,2,1,4,6,3,0
423,15,20,10572,1,0,5,4,2
424,0,13,67352,0,6,4,3
425,3,64,312701,1,0,4,3
426,22,64,363881,3,1,0
427,62,20,88704,3,6,1
428,54,20,12163,1,6,4,5
429,45,42,156172,1,0,3
430,26,15,17534,0,4,5
431,3,61,268162,5,0,4
432,65,17,18694,2,3,0
433,22,61,618604,6,0,5,2,1,3
434,2,15,22256,3,6,5,1,2
435,50,39,54702,6,0,2
436,16,39,57419,1,5,3,6,2
437,54,34,36733,2,0,4
438,22,42,93118,5,2,6,0
439,2,62,79753,2,5,4,6,1,3
440,73,65,29053,5,3,2
441,50,39,59935,2,0,5,3
442,23,34,17677,4,5,3
443,22,19,36429,1,0,5
444,3,13,118669,4,3,1
445,40,61,455662,6,1,2,5,0
446,45,62,56804,3,4,2,1,6,0
447,25,73,30241,3,1,4,0,2
448,23,42,220389,5,4,1
449,25,34,44254,5,3,0,1,6,4
450,63,42,407886,1,5,0,3,2
451,22,62,78881,6,2,1,0
452,22,42,112003,4,6,3
453,40,20,259087,3,4,5,6
454,77,61,800000,4,5,2
455,65,15,34377,6,4,1,3,5,0
456,26,65,16082,3,0,2,4,1,6
457,65,61,19658,1,6,5
458,40,17,13218,1,6,4,3
459,23,20,371694,4,3,6,2,5,1
460,6,39,57286,1,2,5
461,16,66,131729,5,1,3
462,63,13,800000,4,2,1,5,6
463,1,62,71322,3,5,0,4,1,2
464,31,42,165534,3,0,2,1
465,23,20,280042,0,5,2,1,4,3
466,23,73,19760,1,2,4,3,5
467,22,20,585728,5,3,1,0,6
468,16,15,46744,1,3,6,5
469,62,66,70432,6,2,1,0
470,26,65,16378,2,0,5
471,40,66,106094,6,3,1,5,0
472,1,62,71322,3,5,0,4,1,2
473,40,13,100593,1,2,5,0
474,65,19,36237,4,2,1,5,0,6
475,31,15,33699,5,3,2,6,4,1
476,22,17,22430,1,2,5
477,77,62,73998,4,1,2
478,31,19,45655,1,5,2
479,26,19,16879,4,0,5
480,15,17,22963,4,1,2
481,2,50,800000,0,1,3,2,6
482,1,17,10065,0,2,5,4
483,45,62,56804,3,4,2,1,6,0
484,40,65,14449,4,5,0,2
485,6,61,800000,0,4,1
486,16,20,358150,4,0,3,1,5
487,22,65,27692,1,3,0
488,2,64,800000,6,0,1
489,54,34,26645,3,4,6,0,5
490,2,73,23573,0,5,2,3
491,77,17,11303,6,5,1
