0,11,14,3165109,3,4,6
1,6,13,1082273,3,5,1,4,0,2
2,15,17,3502944,0,6,2,4,1,3
3,14,16,3644755,4,3,1
4,6,11,4666308,5,3,2,6,0,4
5,8,15,10006275,6,5,4,2,0
6,10,20,1762123,2,5,6,0,4
7,6,13,10313775,4,0,5,1,2
8,13,15,1617533,5,2,4
9,7,16,1377177,2,6,0
10,4,11,815196,1,3,2,6,4
11,6,8,26334480,3,0,1,2,6
12,6,15,8273765,6,3,0,4,1
13,14,16,1631183,3,2,4
14,6,14,2460964,2,6,3,4
15,1,15,4179459,2,0,5,3,1,4
16,3,15,1717322,3,4,0,2
17,6,16,5501332,4,1,6,0,5,2
18,14,15,6863430,2,3,0,5
19,11,20,3004715,6,4,0,5
20,11,20,1170541,0,4,1,2,5,6
21,14,19,2770618,3,2,1,4
22,13,14,815283,3,5,1,4,0
23,13,15,837621,5,4,2,6,3,1
24,12,14,1045590,6,4,0,3
25,6,15,4116448,4,0,1,2
26,14,16,1934551,3,6,0
27,12,15,4799916,2,5,6
28,10,17,17022243,4,1,5
29,6,15,4116448,4,0,1,2
30,6,8,15583120,2,6,5
31,14,19,7353196,0,1,4,5
32,15,19,3978597,4,0,6,1
33,1,7,4285602,0,3,2,4,5,6
34,6,20,5663041,0,2,4,6,1
35,4,19,1023652,2,0,6,3,4
36,8,14,1096050,6,4,2
37,5,14,1641941,4,3,5,1,0,2
38,11,16,2187347,4,5,1,2,0,3
39,15,20,18742960,5,3,2,1
40,1,15,4179459,2,0,5,3,1,4
41,13,15,5019062,3,0,5,4
42,14,15,4503350,3,1,0,6
43,14,17,2582409,1,0,2,3,4
44,11,14,1419307,4,6,3
45,11,19,2496601,0,5,1
46,9,15,9659538,6,4,2
47,14,17,6732345,2,3,1,6,5,0
48,11,15,7905003,2,5,1,4
49,1,15,2284140,1,6,2
50,11,16,2187347,4,5,1,2,0,3
51,15,20,18742960,5,3,2,1
52,4,11,815196,1,3,2,6,4
53,6,13,2181532,4,5,2,0,1
54,6,20,5663041,0,2,4,6,1
55,6,20,2937439,4,0,5,6,2,1
56,7,15,1142854,0,6,2,4
57,6,15,17977963,4,6,1,2
58,15,16,6124172,4,5,2,6,1,3
59,15,16,9028917,2,4,0,6,1
60,11,14,1284694,0,1,4
61,12,14,1440375,0,5,1,4,2,3
62,6,19,9067239,2,5,1,6,4
63,11,16,2957536,0,4,1,6,5
64,11,19,1530665,2,3,5,4,6
65,10,15,4442472,3,1,6,4,0
66,9,13,822540,4,5,1,2,0
67,13,15,1617533,5,2,4
68,14,19,4312493,0,1,5
69,10,15,5654580,3,4,5,1,6
70,14,17,4029393,3,0,2,6,5,1
71,4,8,949227,4,0,3,6,1
72,1,15,2284140,1,6,2
73,7,15,1304164,1,4,6
74,6,13,4322382,3,1,4,6,2
75,10,14,812773,3,2,5,0,6,1
76,13,15,5527630,2,6,4
77,11,17,2616100,1,0,6,5,2,4
78,6,20,3228995,3,1,6
79,6,20,2937439,4,0,5,6,2,1
80,5,15,4350510,3,0,2,6
81,11,16,1219329,4,2,3,0,1
82,11,17,1695050,1,0,6,3,4,2
83,11,14,1419307,4,6,3
84,7,19,4488051,0,6,2,5,1,4
85,10,11,977985,2,1,6
86,15,17,3502944,0,6,2,4,1,3
87,1,7,3108988,5,2,1,0,6
88,11,20,2438364,6,2,4
89,9,15,9659538,6,4,2
90,15,19,3978597,4,0,6,1
91,6,13,10313775,4,0,5,1,2
92,10,17,2302052,1,6,2
93,16,17,894974,1,5,2
94,8,15,15951002,6,1,4
95,11,13,810817,4,1,5
96,6,15,5711147,5,3,0,6
97,15,19,10081440,0,5,4
98,8,14,1192235,1,5,6,2,4
99,10,14,879888,3,0,1
100,11,20,1170541,0,4,1,2,5,6
101,6,20,2937439,4,0,5,6,2,1
102,10,11,977985,2,1,6
103,5,15,8263371,2,6,4,5,1,3
104,15,19,5954096,4,1,0
105,6,20,2937439,4,0,5,6,2,1
106,10,20,3113753,5,3,6,2,4,0
107,10,17,17022243,4,1,5
108,10,20,1422849,2,3,5,6
109,10,15,2938013,6,1,4,2,5,0
110,1,5,1182180,1,4,6,3,0
111,6,20,7036303,4,3,5,1
112,5,6,2333342,1,4,3
113,10,19,5849629,0,4,5,1,6,3
114,15,20,25342157,4,0,2,5,6
115,11,16,4189120,3,1,2
116,5,6,2333342,1,4,3
117,3,15,1440795,2,5,1,3,6
118,15,19,10081440,0,5,4
119,6,19,3864387,2,4,5
120,10,11,977985,2,1,6
121,15,17,2996760,3,1,5,2,6
122,11,14,1284694,0,1,4
123,6,16,5501332,4,1,6,0,5,2
124,1,7,4285602,0,3,2,4,5,6
125,1,7,3108988,5,2,1,0,6
126,11,19,1245643,5,1,6
127,11,13,1613326,6,2,1,5,0,3
128,15,20,32411037,6,3,2,5,4,0
129,11,20,1203371,6,0,2,1
130,11,20,3004715,6,4,0,5
131,15,20,25342157,4,0,2,5,6
132,13,15,1797075,2,3,4,0,5
133,15,16,9028917,2,4,0,6,1
134,11,13,1613326,6,2,1,5,0,3
135,3,15,1976858,3,0,6,5,4
136,1,15,11769774,6,2,5,0,1,3
137,13,15,837621,5,4,2,6,3,1
138,14,20,4747554,4,3,2,6,5
139,6,13,1631169,5,4,6,2,3,1
140,6,8,7384842,6,1,4
141,11,15,5154285,5,4,3,1,6,2
142,12,14,1440375,0,5,1,4,2,3
143,5,6,2333342,1,4,3
144,6,16,5301783,4,5,1,6
145,9,14,1468262,0,5,4
146,4,11,815196,1,3,2,6,4
147,9,15,5353702,0,1,4,2,6,3
148,8,15,10006275,6,5,4,2,0
149,15,20,18742960,5,3,2,1
150,11,16,1219329,4,2,3,0,1
151,1,7,3765065,3,5,4,2,0
152,7,19,6428818,4,5,1
153,9,15,5353702,0,1,4,2,6,3
154,11,17,1695050,1,0,6,3,4,2
155,14,19,4665192,4,3,6
156,6,16,5301783,4,5,1,6
157,13,15,5527630,2,6,4
158,10,15,6394862,3,1,6,4,2
159,9,16,998622,6,4,0,2
160,15,16,9028917,2,4,0,6,1
161,9,15,7670213,6,5,4
162,6,8,26334480,3,0,1,2,6
163,14,17,4920487,2,4,6,3
164,10,19,5849629,0,4,5,1,6,3
165,4,8,949227,4,0,3,6,1
166,6,15,17977963,4,6,1,2
167,10,15,4442472,3,1,6,4,0
168,10,20,1762123,2,5,6,0,4
169,6,11,4666308,5,3,2,6,0,4
170,15,17,2440939,2,6,5,4,0,1
171,15,20,11730820,5,3,6,2,1,4
172,6,8,7384842,6,1,4
173,10,17,2302052,1,6,2
174,15,17,6578460,0,3,4,5,6
175,15,16,1498346,5,1,0,6
176,11,19,1530665,2,3,5,4,6
177,5,14,1641941,4,3,5,1,0,2
178,16,17,894974,1,5,2
179,6,20,5663041,0,2,4,6,1
180,5,15,3446220,3,4,6,2
181,12,14,1045590,6,4,0,3
182,11,20,1130854,5,3,2,1,0,4
183,1,15,2284140,1,6,2
184,11,14,3770268,1,4,3,6,2,0
185,12,17,5862850,1,0,2,4
186,1,20,1049818,0,5,3
187,7,16,1377177,2,6,0
188,11,12,2957306,3,6,4,5,2,0
189,7,19,3284884,4,0,5,6
190,14,15,6863430,2,3,0,5
191,9,16,818198,4,6,2,1,3,5
192,4,15,9500472,0,1,6
193,12,15,1060048,0,6,5,4
194,12,14,958995,0,5,2,4,1
195,14,15,6961711,0,6,1,3,2,5
196,14,16,1934551,3,6,0
197,10,11,977985,2,1,6
198,6,16,878901,0,6,3
199,6,13,2710420,6,4,3,1
200,13,14,815283,3,5,1,4,0
201,4,15,6299030,3,4,0
202,6,8,7384842,6,1,4
203,9,14,1468262,0,5,4
204,6,16,878901,0,6,3
205,10,13,31740447,6,3,4,5
206,14,15,6961711,0,6,1,3,2,5
207,11,13,1613326,6,2,1,5,0,3
208,10,14,979170,0,5,1,2,3
209,1,7,4285602,0,3,2,4,5,6
210,15,16,1498346,5,1,0,6
211,6,20,2937439,4,0,5,6,2,1
212,6,15,4116448,4,0,1,2
213,13,15,1797075,2,3,4,0,5
214,6,20,3228995,3,1,6
215,12,17,5862850,1,0,2,4
216,6,16,5301783,4,5,1,6
217,6,20,3446988,1,5,0,2,3,4
218,5,14,2538692,0,2,1,3
219,14,17,6732345,2,3,1,6,5,0
220,14,20,1180626,1,2,3,5,0
221,6,15,17977963,4,6,1,2
222,12,15,4799916,2,5,6
223,11,14,1284694,0,1,4
224,6,16,5501332,4,1,6,0,5,2
225,8,15,10006275,6,5,4,2,0
226,11,14,3165109,3,4,6
227,14,15,3720795,5,0,4,6
228,3,15,1168878,6,3,4
229,4,15,5285815,5,3,4,1,6
230,6,8,26334480,3,0,1,2,6
231,13,15,3382071,1,3,0,2,4
232,1,20,1049818,0,5,3
233,12,16,1490118,5,0,2
234,10,15,6394862,3,1,6,4,2
235,11,16,1719433,2,0,3,1
236,15,19,6181203,1,2,3
237,11,16,2483700,4,5,3,6,0,2
238,7,19,6428818,4,5,1
239,11,20,3004715,6,4,0,5
240,11,14,3165109,3,4,6
241,1,10,17134316,4,3,0,6
242,7,19,6428818,4,5,1
243,13,14,1138090,6,0,2,4
244,3,15,1919857,1,4,6,3,5
245,4,15,5877264,0,5,3,2
246,1,15,1248824,2,4,6,5,1
247,6,13,2710420,6,4,3,1
248,3,7,1383881,5,2,4,0,1,3
249,11,20,1130854,5,3,2,1,0,4
250,6,8,11133208,0,6,3,1
251,1,15,4179459,2,0,5,3,1,4
252,11,16,4095855,2,0,1,6,5
253,11,15,5297367,6,4,0,5
254,4,15,5877264,0,5,3,2
255,14,20,7053871,1,5,0
256,5,15,2725137,1,5,4,0,6
257,14,15,6961711,0,6,1,3,2,5
258,4,15,13810050,6,2,0
259,14,19,4449206,5,0,2
260,11,16,2187347,4,5,1,2,0,3
261,11,16,1219329,4,2,3,0,1
262,9,15,4486788,4,6,5,0,2,3
263,15,17,6042414,2,5,1,6,3,0
264,11,20,3004715,6,4,0,5
265,9,15,4486788,4,6,5,0,2,3
266,15,16,7536966,3,4,6
267,3,15,1919857,1,4,6,3,5
268,7,19,3284884,4,0,5,6
269,1,15,1248824,2,4,6,5,1
270,14,17,4920487,2,4,6,3
271,3,14,1067859,2,3,1,4
272,10,14,812773,3,2,5,0,6,1
273,6,15,4116448,4,0,1,2
274,13,15,5527630,2,6,4
275,10,15,2321921,0,4,2
276,15,19,6181203,1,2,3
277,7,19,3284884,4,0,5,6
278,6,11,3834024,2,4,1,5,0,6
279,13,15,1617533,5,2,4
280,15,19,5957353,5,4,3
281,5,15,4350510,3,0,2,6
282,15,16,1498346,5,1,0,6
283,15,20,25342157,4,0,2,5,6
284,11,20,3004715,6,4,0,5
285,9,13,822540,4,5,1,2,0
286,14,17,2582409,1,0,2,3,4
287,6,14,2460964,2,6,3,4
288,12,16,5067296,2,0,3,1,4,6
289,14,19,4312493,0,1,5
290,9,15,5353702,0,1,4,2,6,3
291,15,16,1498346,5,1,0,6
292,11,20,2438364,6,2,4
293,14,19,7353196,0,1,4,5
294,1,15,15536635,2,4,3,1
295,7,15,1142854,0,6,2,4
296,14,20,3499136,1,2,3,4,6
297,10,15,3387190,6,2,5,3
298,14,20,4595428,1,6,5
299,6,16,878901,0,6,3
300,11,12,4145669,0,5,1,4,6,2
301,13,15,13756304,4,6,5,0
302,6,15,2623610,6,5,4,0
303,14,20,3499136,1,2,3,4,6
304,15,16,9028917,2,4,0,6,1
305,4,8,949227,4,0,3,6,1
306,15,19,5957353,5,4,3
307,6,11,4666308,5,3,2,6,0,4
308,11,15,7905003,2,5,1,4
309,6,16,21022180,6,5,1
310,6,15,8273765,6,3,0,4,1
311,15,17,7709755,3,5,2
312,7,19,2334233,6,4,5
313,13,15,5019062,3,0,5,4
314,1,10,17134316,4,3,0,6
315,10,15,6394862,3,1,6,4,2
316,14,17,4241803,2,3,1,0,6,5
317,8,15,2662028,2,4,0,6,5
318,16,17,894974,1,5,2
319,15,16,9028917,2,4,0,6,1
320,10,14,979170,0,5,1,2,3
321,1,15,2316338,6,3,2
322,6,13,1082273,3,5,1,4,0,2
323,7,19,3284884,4,0,5,6
324,11,19,1530665,2,3,5,4,6
325,4,11,815196,1,3,2,6,4
326,12,15,1060048,0,6,5,4
327,6,14,2460964,2,6,3,4
328,6,8,15583120,2,6,5
329,4,15,6299030,3,4,0
330,4,8,949227,4,0,3,6,1
331,4,15,5285815,5,3,4,1,6
332,3,7,1383881,5,2,4,0,1,3
333,10,15,2321921,0,4,2
334,15,19,6181203,1,2,3
335,14,19,2770618,3,2,1,4
336,4,13,1390235,4,0,2,1,6,3
337,4,6,1509810,4,1,3,6
338,10,16,1040154,5,4,2,1
339,5,15,2430363,5,2,6,4,3
340,1,15,15536635,2,4,3,1
341,14,17,2582409,1,0,2,3,4
342,3,15,6654199,2,1,4,5,0,6
343,11,12,4145669,0,5,1,4,6,2
344,6,7,51468610,2,4,5,0,6
345,6,8,7384842,6,1,4
346,6,8,15583120,2,6,5
347,11,13,4079420,3,0,5
348,4,15,9500472,0,1,6
349,10,14,979170,0,5,1,2,3
350,15,17,2996760,3,1,5,2,6
351,7,19,3284884,4,0,5,6
352,6,11,4666308,5,3,2,6,0,4
353,11,12,3759260,0,1,5,6,2,4
354,11,20,1130854,5,3,2,1,0,4
355,6,20,3228995,3,1,6
356,11,12,3759260,0,1,5,6,2,4
357,11,13,4079420,3,0,5
358,13,15,1797075,2,3,4,0,5
359,6,8,12102480,2,5,3,6,1,4
360,10,19,5849629,0,4,5,1,6,3
361,10,20,8681289,3,2,5,0,4
362,6,20,5663041,0,2,4,6,1
363,6,11,6038026,6,1,5,3
364,11,19,1530665,2,3,5,4,6
365,14,16,1934551,3,6,0
366,8,15,10006275,6,5,4,2,0
367,10,12,1145881,5,1,0,3,4,2
368,12,15,995858,5,2,3,4,6,1
369,6,8,15583120,2,6,5
370,6,20,1880071,4,0,5,3
371,10,20,1422849,2,3,5,6
372,6,11,4666308,5,3,2,6,0,4
373,11,16,4189120,3,1,2
374,13,17,10990050,6,2,0,4
375,11,14,1419307,4,6,3
376,6,15,17977963,4,6,1,2
377,6,8,11133208,0,6,3,1
378,3,15,1440795,2,5,1,3,6
379,7,19,2334233,6,4,5
380,6,16,4288708,3,0,4
381,13,17,10990050,6,2,0,4
382,11,15,5154285,5,4,3,1,6,2
383,13,15,13756304,4,6,5,0
384,10,12,1145881,5,1,0,3,4,2
385,8,14,1096050,6,4,2
386,15,17,3502944,0,6,2,4,1,3
387,11,14,3165109,3,4,6
388,3,15,1717322,3,4,0,2
389,6,16,878901,0,6,3
390,7,15,2750939,6,3,4,2,5
391,14,15,4503350,3,1,0,6
392,3,15,1976858,3,0,6,5,4
393,6,13,4694434,4,3,0,6,2,1
394,14,20,3499136,1,2,3,4,6
395,9,15,6121331,4,5,6,3
396,10,19,5849629,0,4,5,1,6,3
397,11,19,1115921,0,5,6
398,6,13,2181532,4,5,2,0,1
399,13,15,5527630,2,6,4
400,14,19,10515141,6,2,3,4
401,9,15,7670213,6,5,4
402,10,17,17022243,4,1,5
403,14,20,7053871,1,5,0
404,10,15,5654580,3,4,5,1,6
405,9,16,998622,6,4,0,2
406,5,14,2538692,0,2,1,3
407,10,16,1059196,1,6,3,0,4,2
408,6,15,4116448,4,0,1,2
409,10,20,1762123,2,5,6,0,4
410,14,19,1850369,3,4,1,6,2,5
411,6,16,4003747,5,1,3,2
412,14,15,3942434,1,6,2,3
413,12,16,1490118,5,0,2
414,10,13,31740447,6,3,4,5
415,15,17,6042414,2,5,1,6,3,0
416,14,16,1631183,3,2,4
417,11,20,1203371,6,0,2,1
418,15,17,6042414,2,5,1,6,3,0
419,11,20,1130854,5,3,2,1,0,4
420,9,15,4486788,4,6,5,0,2,3
421,14,20,7053871,1,5,0
422,14,16,1934551,3,6,0
423,15,17,4608356,2,3,0,1
424,15,19,14206809,3,0,6,5,1,2
425,14,17,6732345,2,3,1,6,5,0
426,15,19,2688976,4,3,6,2
427,14,15,6961711,0,6,1,3,2,5
428,6,16,2043172,3,5,6
429,6,11,4666308,5,3,2,6,0,4
430,10,17,2302052,1,6,2
431,14,17,4241803,2,3,1,0,6,5
432,10,17,8595607,0,4,3
433,14,17,4241803,2,3,1,0,6,5
434,10,20,3113753,5,3,6,2,4,0
435,13,15,5019062,3,0,5,4
436,4,15,6299030,3,4,0
437,15,19,5954096,4,1,0
438,14,20,4595428,1,6,5
439,9,12,1157334,4,6,0
440,6,20,7036303,4,3,5,1
441,11,13,810817,4,1,5
442,5,15,8263371,2,6,4,5,1,3
443,6,16,2043172,3,5,6
444,11,19,1245643,5,1,6
445,15,17,7709755,3,5,2
446,14,19,6196808,4,5,6,1,2,0
447,6,20,3446988,1,5,0,2,3,4
448,6,11,4666308,5,3,2,6,0,4
449,13,15,1797075,2,3,4,0,5
450,6,15,17977963,4,6,1,2
451,8,15,7031232,4,3,2,6,1,5
452,6,7,51468610,2,4,5,0,6
453,14,15,9983590,3,6,2
454,14,17,2582409,1,0,2,3,4
455,6,13,1631169,5,4,6,2,3,1
456,11,16,2957536,0,4,1,6,5
457,4,15,5285815,5,3,4,1,6
458,4,19,1023652,2,0,6,3,4
459,5,15,4393013,4,2,6
460,13,14,816490,1,5,0,2,4
461,10,20,2513649,2,0,1,3
462,6,15,2623610,6,5,4,0
463,6,20,2937439,4,0,5,6,2,1
464,15,19,874899,5,0,6,2,1,3
465,7,19,6428818,4,5,1
466,15,16,7536966,3,4,6
467,15,17,7709755,3,5,2
468,14,17,4241803,2,3,1,0,6,5
469,11,19,1115921,0,5,6
470,9,15,7670213,6,5,4
471,11,14,1419307,4,6,3
472,14,15,4503350,3,1,0,6
473,9,13,822540,4,5,1,2,0
474,1,15,4179459,2,0,5,3,1,4
475,11,14,3165109,3,4,6
476,11,20,2438364,6,2,4
477,10,14,812773,3,2,5,0,6,1
478,12,15,4674551,4,3,5,0
479,11,12,2957306,3,6,4,5,2,0
480,14,20,3499136,1,2,3,4,6
481,11,13,810817,4,1,5
482,6,13,4694434,4,3,0,6,2,1
483,10,17,8595607,0,4,3
484,14,17,4241803,2,3,1,0,6,5
485,14,20,4747554,4,3,2,6,5
486,15,20,11827988,2,5,3,4,0
487,6,15,4116448,4,0,1,2
488,15,16,6124172,4,5,2,6,1,3
489,14,16,1850080,1,0,3,2,4,6
490,1,7,2277680,6,0,5
491,11,20,1170541,0,4,1,2,5,6
492,14,15,6863430,2,3,0,5
493,6,13,2710420,6,4,3,1
494,9,16,818198,4,6,2,1,3,5
495,3,7,1383881,5,2,4,0,1,3
496,10,15,4442472,3,1,6,4,0
497,12,15,1060048,0,6,5,4
498,11,15,4328803,6,1,0
499,8,15,2662028,2,4,0,6,5
500,1,15,2284140,1,6,2
501,11,16,2187347,4,5,1,2,0,3
502,6,8,11133208,0,6,3,1
503,10,20,8681289,3,2,5,0,4
504,8,15,3562769,3,4,0,6,5
505,11,19,1530665,2,3,5,4,6
506,9,15,7670213,6,5,4
507,14,19,4312493,0,1,5
508,14,20,1180626,1,2,3,5,0
509,15,19,874899,5,0,6,2,1,3
510,6,8,11133208,0,6,3,1
511,6,16,2043172,3,5,6
512,11,13,4079420,3,0,5
513,6,16,5301783,4,5,1,6
514,11,20,2438364,6,2,4
515,14,16,1934551,3,6,0
516,11,12,4145669,0,5,1,4,6,2
517,6,15,3454630,1,0,3,5,6,2
518,6,16,2043172,3,5,6
519,11,16,2957536,0,4,1,6,5
520,4,13,1390235,4,0,2,1,6,3
521,6,13,2710420,6,4,3,1
522,15,17,7709755,3,5,2
523,4,11,815196,1,3,2,6,4
524,13,15,3382071,1,3,0,2,4
525,6,14,2460964,2,6,3,4
526,14,19,10515141,6,2,3,4
527,14,16,1631183,3,2,4
528,6,13,4694434,4,3,0,6,2,1
529,6,8,11133208,0,6,3,1
530,8,15,7031232,4,3,2,6,1,5
531,15,20,14910933,1,5,2,6,3,4
532,1,15,2316338,6,3,2
533,10,20,1762123,2,5,6,0,4
534,6,13,2181532,4,5,2,0,1
535,14,19,6196808,4,5,6,1,2,0
536,13,15,5527630,2,6,4
537,8,15,4784861,0,3,6
538,3,15,1440795,2,5,1,3,6
539,15,17,7709755,3,5,2
540,6,8,9146089,6,1,3,5
541,11,12,2957306,3,6,4,5,2,0
542,4,15,13810050,6,2,0
543,6,11,3767919,3,2,5,4,6
544,1,4,7124608,1,3,0,5,6
545,1,7,3765065,3,5,4,2,0
546,14,19,7353196,0,1,4,5
547,6,13,4694434,4,3,0,6,2,1
548,6,11,3767919,3,2,5,4,6
549,1,7,4285602,0,3,2,4,5,6
550,14,19,4665192,4,3,6
551,11,16,4189120,3,1,2
552,12,15,995858,5,2,3,4,6,1
553,11,20,3004715,6,4,0,5
554,10,20,8681289,3,2,5,0,4
555,5,15,4393013,4,2,6
556,4,15,5877264,0,5,3,2
557,11,15,5297367,6,4,0,5
558,10,14,812773,3,2,5,0,6,1
559,11,14,1419307,4,6,3
560,6,11,4666308,5,3,2,6,0,4
561,15,20,18742960,5,3,2,1
562,10,19,5849629,0,4,5,1,6,3
563,12,16,1490118,5,0,2
564,6,19,3864387,2,4,5
565,4,15,13810050,6,2,0
566,6,16,5501332,4,1,6,0,5,2
567,6,13,2181532,4,5,2,0,1
568,11,19,1530665,2,3,5,4,6
569,15,20,11730820,5,3,6,2,1,4
570,15,17,6578460,0,3,4,5,6
571,6,13,2710420,6,4,3,1
572,11,16,1219329,4,2,3,0,1
573,1,15,4179459,2,0,5,3,1,4
574,8,15,15951002,6,1,4
575,11,16,2187347,4,5,1,2,0,3
576,11,17,1240944,3,2,4,0,1
577,5,6,2333342,1,4,3
578,12,15,4674551,4,3,5,0
579,6,15,8273765,6,3,0,4,1
580,8,14,1096050,6,4,2
581,6,20,1880071,4,0,5,3
582,1,4,7124608,1,3,0,5,6
583,14,16,3644755,4,3,1
584,9,15,3905913,4,1,5,6
585,11,19,1245643,5,1,6
586,15,19,874899,5,0,6,2,1,3
587,1,7,2277680,6,0,5
588,13,15,837621,5,4,2,6,3,1
589,6,20,3446988,1,5,0,2,3,4
590,13,14,816490,1,5,0,2,4
591,13,15,837621,5,4,2,6,3,1
592,1,7,3388428,1,5,2,3,0
593,6,8,12102480,2,5,3,6,1,4
594,6,16,6603024,4,3,0,6,1,2
595,3,15,1976858,3,0,6,5,4
596,1,7,4285602,0,3,2,4,5,6
597,11,16,1219329,4,2,3,0,1
598,10,19,5849629,0,4,5,1,6,3
599,1,7,1328482,2,1,3,5,6
600,10,20,1422849,2,3,5,6
601,6,19,9067239,2,5,1,6,4
602,9,15,4486788,4,6,5,0,2,3
603,15,19,874899,5,0,6,2,1,3
604,6,11,3767919,3,2,5,4,6
605,13,14,816490,1,5,0,2,4
606,11,20,2438364,6,2,4
607,14,19,4312493,0,1,5
608,10,15,6394862,3,1,6,4,2
609,6,11,3834024,2,4,1,5,0,6
610,6,8,9146089,6,1,3,5
611,6,20,3446988,1,5,0,2,3,4
612,6,16,4288708,3,0,4
613,13,17,10990050,6,2,0,4
614,11,14,3770268,1,4,3,6,2,0
615,6,15,3454630,1,0,3,5,6,2
616,10,20,3113753,5,3,6,2,4,0
617,14,20,4595428,1,6,5
618,15,16,7536966,3,4,6
619,7,16,1377177,2,6,0
620,5,15,2430363,5,2,6,4,3
621,14,17,4029393,3,0,2,6,5,1
622,1,5,1182180,1,4,6,3,0
623,9,15,9659538,6,4,2
624,14,20,3499136,1,2,3,4,6
625,7,19,2334233,6,4,5
626,11,16,2187347,4,5,1,2,0,3
627,15,17,6578460,0,3,4,5,6
628,6,15,4116448,4,0,1,2
629,11,19,1530665,2,3,5,4,6
630,15,17,2996760,3,1,5,2,6
631,6,19,10185624,6,4,0,3,5,1
632,14,20,4595428,1,6,5
633,9,14,1468262,0,5,4
634,11,16,4095855,2,0,1,6,5
635,1,7,3388428,1,5,2,3,0
636,10,17,17022243,4,1,5
637,11,16,2187347,4,5,1,2,0,3
638,6,15,8273765,6,3,0,4,1
639,14,16,904626,3,0,2,5,1
640,1,15,1248824,2,4,6,5,1
641,15,16,9028917,2,4,0,6,1
642,6,20,3228995,3,1,6
643,11,15,7970469,0,4,3,5
644,14,16,1631183,3,2,4
645,9,15,7670213,6,5,4
646,10,11,977985,2,1,6
647,15,19,6181203,1,2,3
648,10,19,5849629,0,4,5,1,6,3
649,6,8,15583120,2,6,5
650,10,19,9229911,2,1,4,5
651,1,15,4179459,2,0,5,3,1,4
652,6,15,3454630,1,0,3,5,6,2
653,14,19,4665192,4,3,6
654,6,8,11133208,0,6,3,1
655,13,15,837621,5,4,2,6,3,1
656,13,15,5527630,2,6,4
657,6,16,6603024,4,3,0,6,1,2
658,6,8,15583120,2,6,5
659,14,15,6961711,0,6,1,3,2,5
660,3,15,1717322,3,4,0,2
661,8,14,1096050,6,4,2
662,12,15,995858,5,2,3,4,6,1
663,11,13,810817,4,1,5
664,11,12,3759260,0,1,5,6,2,4
665,6,15,4116448,4,0,1,2
666,6,16,4003747,5,1,3,2
667,6,16,4003747,5,1,3,2
668,11,13,1613326,6,2,1,5,0,3
669,10,15,2938013,6,1,4,2,5,0
670,6,15,5711147,5,3,0,6
671,1,20,1049818,0,5,3
672,14,20,3450311,5,4,3,1
673,11,16,2187347,4,5,1,2,0,3
674,15,17,6042414,2,5,1,6,3,0
675,1,15,2316338,6,3,2
676,9,15,4486788,4,6,5,0,2,3
677,13,15,837621,5,4,2,6,3,1
678,11,16,4189120,3,1,2
679,3,15,6654199,2,1,4,5,0,6
680,14,19,4665192,4,3,6
681,6,15,5711147,5,3,0,6
682,11,19,1245643,5,1,6
683,11,12,2957306,3,6,4,5,2,0
684,6,13,1082273,3,5,1,4,0,2
685,9,15,4486788,4,6,5,0,2,3
686,5,15,7797991,5,6,1,4
687,11,15,7905003,2,5,1,4
688,6,16,6603024,4,3,0,6,1,2
689,12,15,995858,5,2,3,4,6,1
690,11,17,1240944,3,2,4,0,1
691,1,7,4285602,0,3,2,4,5,6
692,10,13,31740447,6,3,4,5
693,3,15,1168878,6,3,4
694,15,20,25342157,4,0,2,5,6
695,11,15,5297367,6,4,0,5
696,13,14,1138090,6,0,2,4
697,11,16,4095855,2,0,1,6,5
698,7,15,2750939,6,3,4,2,5
699,10,20,1422849,2,3,5,6
700,14,19,4449206,5,0,2
701,6,16,5301783,4,5,1,6
702,8,15,2662028,2,4,0,6,5
703,7,19,2334233,6,4,5
704,5,15,3446220,3,4,6,2
705,4,15,5877264,0,5,3,2
706,11,19,1530665,2,3,5,4,6
707,13,15,1797075,2,3,4,0,5
708,6,8,26334480,3,0,1,2,6
709,14,17,2582409,1,0,2,3,4
710,14,19,2558701,1,0,4
711,6,8,11133208,0,6,3,1
712,8,15,3562769,3,4,0,6,5
713,11,12,2885196,4,5,2,0,1
714,6,20,1880071,4,0,5,3
715,9,16,998622,6,4,0,2
716,14,15,6863430,2,3,0,5
717,6,13,10313775,4,0,5,1,2
718,10,15,5654580,3,4,5,1,6
719,6,13,4322382,3,1,4,6,2
720,8,15,15951002,6,1,4
721,1,15,11769774,6,2,5,0,1,3
722,10,16,1040154,5,4,2,1
723,6,20,1880071,4,0,5,3
724,6,16,2043172,3,5,6
725,9,16,818198,4,6,2,1,3,5
726,12,15,4799916,2,5,6
727,1,15,2284140,1,6,2
728,14,17,4029393,3,0,2,6,5,1
729,5,15,3446220,3,4,6,2
730,11,15,7970469,0,4,3,5
731,6,11,3767919,3,2,5,4,6
732,13,14,815283,3,5,1,4,0
733,7,15,2750939,6,3,4,2,5
734,15,16,9028917,2,4,0,6,1
735,6,13,10313775,4,0,5,1,2
736,6,15,8273765,6,3,0,4,1
737,6,20,7036303,4,3,5,1
738,6,15,5711147,5,3,0,6
739,11,19,1115921,0,5,6
740,9,12,1157334,4,6,0
741,15,20,32411037,6,3,2,5,4,0
742,15,19,3978597,4,0,6,1
743,10,20,3113753,5,3,6,2,4,0
744,10,20,1422849,2,3,5,6
745,8,15,2662028,2,4,0,6,5
746,6,8,26334480,3,0,1,2,6
747,8,15,3562769,3,4,0,6,5
748,10,15,3387190,6,2,5,3
749,11,15,4328803,6,1,0
750,4,15,5285815,5,3,4,1,6
751,11,13,810817,4,1,5
752,14,16,1934551,3,6,0
753,15,20,18742960,5,3,2,1
754,14,16,1934551,3,6,0
755,15,20,14910933,1,5,2,6,3,4
756,11,16,2483700,4,5,3,6,0,2
757,12,16,1490118,5,0,2
758,14,19,10515141,6,2,3,4
759,3,15,1919857,1,4,6,3,5
760,11,14,1284694,0,1,4
761,6,14,2460964,2,6,3,4
762,8,15,2662028,2,4,0,6,5
763,6,16,2043172,3,5,6
764,11,19,1115921,0,5,6
765,6,8,9146089,6,1,3,5
766,13,15,837621,5,4,2,6,3,1
767,10,15,5654580,3,4,5,1,6
768,11,20,2438364,6,2,4
769,1,20,1049818,0,5,3
770,12,15,995858,5,2,3,4,6,1
771,14,15,3500960,2,6,3,4,5,1
772,4,13,1390235,4,0,2,1,6,3
773,11,16,3595169,2,1,3
774,11,15,5154285,5,4,3,1,6,2
775,6,13,4694434,4,3,0,6,2,1
776,14,19,2770618,3,2,1,4
777,7,19,2334233,6,4,5
778,4,15,9500472,0,1,6
779,3,7,1383881,5,2,4,0,1,3
780,9,16,998622,6,4,0,2
781,5,15,7797991,5,6,1,4
782,5,15,8263371,2,6,4,5,1,3
783,10,20,2513649,2,0,1,3
784,6,16,5301783,4,5,1,6
785,10,14,812773,3,2,5,0,6,1
786,5,15,7797991,5,6,1,4
787,14,19,7353196,0,1,4,5
788,6,15,8273765,6,3,0,4,1
789,6,15,2623610,6,5,4,0
790,13,15,13756304,4,6,5,0
791,11,19,1115921,0,5,6
792,7,16,1377177,2,6,0
793,12,14,1440375,0,5,1,4,2,3
794,7,19,6428818,4,5,1
795,14,19,2770618,3,2,1,4
796,14,20,3450311,5,4,3,1
797,8,14,1192235,1,5,6,2,4
798,6,15,8273765,6,3,0,4,1
799,15,20,32411037,6,3,2,5,4,0
800,11,15,5297367,6,4,0,5
801,7,19,4488051,0,6,2,5,1,4
802,3,15,1976858,3,0,6,5,4
803,10,14,879888,3,0,1
804,14,17,4241803,2,3,1,0,6,5
805,8,15,15951002,6,1,4
806,4,15,9500472,0,1,6
807,8,14,1096050,6,4,2
808,14,15,7563211,3,6,0,2,4,1
809,8,14,1192235,1,5,6,2,4
810,8,15,10006275,6,5,4,2,0
811,3,15,1440795,2,5,1,3,6
812,3,15,1976858,3,0,6,5,4
813,6,13,5939223,3,2,0,6,5,4
814,10,17,2302052,1,6,2
815,11,16,1719433,2,0,3,1
816,15,19,5957353,5,4,3
817,14,16,3644755,4,3,1
818,6,20,5663041,0,2,4,6,1
819,6,16,4003747,5,1,3,2
820,11,15,5154285,5,4,3,1,6,2
821,6,16,4003747,5,1,3,2
822,7,15,1142854,0,6,2,4
823,1,7,2277680,6,0,5
824,11,20,3004715,6,4,0,5
825,14,20,7053871,1,5,0
826,14,19,2558701,1,0,4
827,6,15,3454630,1,0,3,5,6,2
828,5,14,1641941,4,3,5,1,0,2
829,15,20,14910933,1,5,2,6,3,4
830,14,19,4665192,4,3,6
831,14,19,4449206,5,0,2
832,1,20,1049818,0,5,3
833,15,20,32411037,6,3,2,5,4,0
834,14,19,2558701,1,0,4
835,16,17,894974,1,5,2
836,12,15,4674551,4,3,5,0
837,15,19,14206809,3,0,6,5,1,2
838,4,8,949227,4,0,3,6,1
839,12,16,1490118,5,0,2
840,7,15,1304164,1,4,6
841,1,7,3765065,3,5,4,2,0
842,15,19,874899,5,0,6,2,1,3
843,15,17,4608356,2,3,0,1
844,1,10,17134316,4,3,0,6
845,7,19,2334233,6,4,5
846,3,15,1976858,3,0,6,5,4
847,13,15,3382071,1,3,0,2,4
848,3,15,1976858,3,0,6,5,4
849,13,14,1138090,6,0,2,4
850,11,16,2957536,0,4,1,6,5
851,8,14,1192235,1,5,6,2,4
852,7,19,2334233,6,4,5
853,6,20,5663041,0,2,4,6,1
854,7,15,1142854,0,6,2,4
855,11,20,3004715,6,4,0,5
856,6,13,2710420,6,4,3,1
857,6,13,2710420,6,4,3,1
858,4,13,1390235,4,0,2,1,6,3
