0,1,7,3108988,5,2,1,0,6
1,11,16,1219329,4,2,3,0,1
2,12,15,995858,5,2,3,4,6,1
3,7,15,1304164,1,4,6
4,5,15,4350510,3,0,2,6
5,10,12,1145881,5,1,0,3,4,2
6,4,13,1390235,4,0,2,1,6,3
7,14,15,6863430,2,3,0,5
8,12,15,1060048,0,6,5,4
9,13,15,1617533,5,2,4
10,10,15,3387190,6,2,5,3
11,14,16,1850080,1,0,3,2,4,6
12,5,15,4350510,3,0,2,6
13,11,20,1130854,5,3,2,1,0,4
14,14,19,6196808,4,5,6,1,2,0
15,6,14,2460964,2,6,3,4
16,10,19,5849629,0,4,5,1,6,3
17,6,13,1631169,5,4,6,2,3,1
18,11,19,2496601,0,5,1
19,5,15,8263371,2,6,4,5,1,3
20,15,17,6042414,2,5,1,6,3,0
21,11,16,1219329,4,2,3,0,1
22,12,15,995858,5,2,3,4,6,1
23,9,15,3905913,4,1,5,6
24,14,16,3644755,4,3,1
25,14,19,2770618,3,2,1,4
26,8,15,3562769,3,4,0,6,5
27,4,8,949227,4,0,3,6,1
28,10,19,5849629,0,4,5,1,6,3
29,7,16,1377177,2,6,0
30,11,16,2483700,4,5,3,6,0,2
31,15,17,2996760,3,1,5,2,6
32,11,20,1203371,6,0,2,1
33,11,12,4145669,0,5,1,4,6,2
34,6,19,9067239,2,5,1,6,4
35,15,19,6181203,1,2,3
36,14,15,4503350,3,1,0,6
37,6,20,3228995,3,1,6
38,6,13,10313775,4,0,5,1,2
39,6,11,3767919,3,2,5,4,6
40,14,16,904626,3,0,2,5,1
41,6,13,1082273,3,5,1,4,0,2
42,9,15,7455870,4,2,1,0,5
43,14,17,2582409,1,0,2,3,4
44,11,12,2885196,4,5,2,0,1
45,13,15,1617533,5,2,4
46,5,15,3446220,3,4,6,2
47,6,15,2623610,6,5,4,0
48,12,15,995858,5,2,3,4,6,1
49,6,8,9146089,6,1,3,5
50,1,15,11769774,6,2,5,0,1,3
51,11,14,3165109,3,4,6
52,6,13,1631169,5,4,6,2,3,1
53,9,13,822540,4,5,1,2,0
54,7,19,6428818,4,5,1
55,12,14,1045590,6,4,0,3
56,4,6,1509810,4,1,3,6
57,11,17,2616100,1,0,6,5,2,4
58,6,20,3228995,3,1,6
59,14,17,4920487,2,4,6,3
60,13,15,5019062,3,0,5,4
61,10,15,2321921,0,4,2
62,15,20,11730820,5,3,6,2,1,4
63,6,13,2181532,4,5,2,0,1
64,15,20,14910933,1,5,2,6,3,4
65,5,14,1641941,4,3,5,1,0,2
66,4,6,1509810,4,1,3,6
67,6,13,4322382,3,1,4,6,2
68,15,20,11827988,2,5,3,4,0
69,14,17,4920487,2,4,6,3
70,10,20,3113753,5,3,6,2,4,0
71,11,20,1203371,6,0,2,1
72,5,14,2538692,0,2,1,3
73,5,15,2725137,1,5,4,0,6
74,11,20,3004715,6,4,0,5
75,15,19,14206809,3,0,6,5,1,2
76,15,20,32411037,6,3,2,5,4,0
77,11,19,2496601,0,5,1
78,14,17,4241803,2,3,1,0,6,5
79,11,16,2957536,0,4,1,6,5
80,11,15,7905003,2,5,1,4
81,6,8,26334480,3,0,1,2,6
82,10,20,4609189,6,3,4,2,5
83,12,14,1440375,0,5,1,4,2,3
84,4,15,6299030,3,4,0
85,6,20,3446988,1,5,0,2,3,4
86,10,15,2321921,0,4,2
87,15,20,14910933,1,5,2,6,3,4
88,9,15,5353702,0,1,4,2,6,3
89,11,16,4095855,2,0,1,6,5
90,11,19,1245643,5,1,6
91,6,20,3228995,3,1,6
92,3,14,1067859,2,3,1,4
93,12,14,1440375,0,5,1,4,2,3
94,10,11,977985,2,1,6
95,15,20,32411037,6,3,2,5,4,0
96,11,16,1219329,4,2,3,0,1
97,14,16,1631183,3,2,4
98,10,19,5849629,0,4,5,1,6,3
99,10,15,4442472,3,1,6,4,0
100,6,15,8273765,6,3,0,4,1
101,15,17,2996760,3,1,5,2,6
102,11,19,2496601,0,5,1
103,12,14,1440375,0,5,1,4,2,3
104,14,20,4595428,1,6,5
105,6,14,2460964,2,6,3,4
106,8,15,7031232,4,3,2,6,1,5
107,14,15,6863430,2,3,0,5
108,11,13,4079420,3,0,5
109,11,17,2061838,5,4,3,6
110,6,13,1631169,5,4,6,2,3,1
111,14,19,10515141,6,2,3,4
112,14,19,4449206,5,0,2
113,12,16,5067296,2,0,3,1,4,6
114,12,15,4674551,4,3,5,0
115,6,13,2710420,6,4,3,1
116,6,15,2623610,6,5,4,0
117,7,19,4488051,0,6,2,5,1,4
118,7,19,2334233,6,4,5
119,1,20,1049818,0,5,3
120,6,11,4666308,5,3,2,6,0,4
121,14,16,1934551,3,6,0
122,15,17,2440939,2,6,5,4,0,1
123,15,16,7536966,3,4,6
124,1,15,10784277,4,3,1,2,5,0
125,15,19,2688976,4,3,6,2
126,11,16,3595169,2,1,3
127,4,11,815196,1,3,2,6,4
128,11,16,2187347,4,5,1,2,0,3
129,5,15,4350510,3,0,2,6
130,13,14,1138090,6,0,2,4
131,15,16,1498346,5,1,0,6
132,14,19,1850369,3,4,1,6,2,5
133,7,15,1304164,1,4,6
134,15,19,6181203,1,2,3
135,6,20,3228995,3,1,6
136,14,15,9983590,3,6,2
137,11,16,3595169,2,1,3
138,10,17,2302052,1,6,2
139,10,12,1145881,5,1,0,3,4,2
140,6,8,26334480,3,0,1,2,6
141,1,20,1049818,0,5,3
142,6,19,3864387,2,4,5
143,6,16,7454182,2,6,4,5,0
144,15,16,9028917,2,4,0,6,1
145,11,19,1245643,5,1,6
146,15,17,6042414,2,5,1,6,3,0
147,13,14,816490,1,5,0,2,4
148,11,17,1695050,1,0,6,3,4,2
149,11,16,2483700,4,5,3,6,0,2
150,14,19,4665192,4,3,6
151,11,20,1170541,0,4,1,2,5,6
152,15,19,14206809,3,0,6,5,1,2
153,11,20,1170541,0,4,1,2,5,6
154,15,16,7536966,3,4,6
155,11,16,4095855,2,0,1,6,5
156,6,13,4322382,3,1,4,6,2
157,13,15,1617533,5,2,4
158,6,13,5939223,3,2,0,6,5,4
159,10,15,166469809,2,3,6,1,4
160,11,13,1613326,6,2,1,5,0,3
161,10,20,8681289,3,2,5,0,4
162,14,19,1850369,3,4,1,6,2,5
163,15,16,1498346,5,1,0,6
164,14,16,3644755,4,3,1
165,11,17,1240944,3,2,4,0,1
166,11,13,1613326,6,2,1,5,0,3
167,12,14,958995,0,5,2,4,1
168,13,14,816490,1,5,0,2,4
169,6,20,3228995,3,1,6
170,4,19,1023652,2,0,6,3,4
171,11,17,2616100,1,0,6,5,2,4
172,10,20,3113753,5,3,6,2,4,0
173,11,16,4189120,3,1,2
174,11,12,2885196,4,5,2,0,1
175,6,20,5663041,0,2,4,6,1
176,6,13,5939223,3,2,0,6,5,4
177,8,14,1192235,1,5,6,2,4
178,3,15,1168878,6,3,4
179,11,12,4145669,0,5,1,4,6,2
180,11,16,1719433,2,0,3,1
181,13,17,10990050,6,2,0,4
182,11,17,2061838,5,4,3,6
183,14,19,1850369,3,4,1,6,2,5
184,11,12,3759260,0,1,5,6,2,4
185,6,16,4288708,3,0,4
186,5,15,4393013,4,2,6
187,14,15,7563211,3,6,0,2,4,1
188,15,19,5954096,4,1,0
189,15,19,5954096,4,1,0
190,15,17,6578460,0,3,4,5,6
191,9,14,1468262,0,5,4
192,3,15,1919857,1,4,6,3,5
193,11,13,4079420,3,0,5
194,15,17,6578460,0,3,4,5,6
195,11,16,2187347,4,5,1,2,0,3
196,15,19,3978597,4,0,6,1
197,10,20,2513649,2,0,1,3
198,14,19,10515141,6,2,3,4
199,11,13,1613326,6,2,1,5,0,3
200,6,13,4694434,4,3,0,6,2,1
201,6,16,7454182,2,6,4,5,0
202,6,20,3228995,3,1,6
203,11,16,4189120,3,1,2
204,5,15,3446220,3,4,6,2
205,15,17,4608356,2,3,0,1
206,6,15,8273765,6,3,0,4,1
207,6,19,3864387,2,4,5
208,1,7,3388428,1,5,2,3,0
209,13,15,13756304,4,6,5,0
210,3,14,1067859,2,3,1,4
211,5,15,4350510,3,0,2,6
212,15,17,2440939,2,6,5,4,0,1
213,11,15,4328803,6,1,0
214,11,19,2496601,0,5,1
215,14,15,9983590,3,6,2
216,6,16,7454182,2,6,4,5,0
217,8,15,15951002,6,1,4
218,14,20,1180626,1,2,3,5,0
219,1,15,15536635,2,4,3,1
220,11,14,1419307,4,6,3
221,15,19,5954096,4,1,0
222,15,20,32411037,6,3,2,5,4,0
223,10,12,163305567,4,5,1
224,15,19,5954096,4,1,0
225,14,15,6863430,2,3,0,5
226,6,16,4003747,5,1,3,2
227,11,19,1115921,0,5,6
228,11,14,3165109,3,4,6
229,9,15,7670213,6,5,4
230,1,7,3765065,3,5,4,2,0
231,12,14,1440375,0,5,1,4,2,3
232,15,17,6042414,2,5,1,6,3,0
233,14,15,3942434,1,6,2,3
234,5,14,1641941,4,3,5,1,0,2
235,14,19,1850369,3,4,1,6,2,5
236,6,8,7384842,6,1,4
237,15,16,9028917,2,4,0,6,1
238,11,16,4095855,2,0,1,6,5
239,6,16,878901,0,6,3
240,6,15,4116448,4,0,1,2
241,10,19,5849629,0,4,5,1,6,3
242,9,14,1468262,0,5,4
243,7,15,1142854,0,6,2,4
244,3,15,1717322,3,4,0,2
245,1,15,15536635,2,4,3,1
246,13,15,5527630,2,6,4
247,14,19,2770618,3,2,1,4
248,9,15,7455870,4,2,1,0,5
249,15,16,7536966,3,4,6
250,6,15,8273765,6,3,0,4,1
251,5,15,2430363,5,2,6,4,3
252,10,14,979170,0,5,1,2,3
253,11,16,1219329,4,2,3,0,1
254,6,8,11133208,0,6,3,1
255,1,7,1328482,2,1,3,5,6
256,6,13,2710420,6,4,3,1
257,1,7,4285602,0,3,2,4,5,6
258,10,12,163305567,4,5,1
259,11,16,2187347,4,5,1,2,0,3
260,4,15,9500472,0,1,6
261,11,15,5297367,6,4,0,5
262,14,19,7353196,0,1,4,5
263,1,15,4179459,2,0,5,3,1,4
264,14,15,3500960,2,6,3,4,5,1
265,14,19,4665192,4,3,6
266,4,15,13810050,6,2,0
267,5,15,3446220,3,4,6,2
268,4,11,815196,1,3,2,6,4
269,15,17,7709755,3,5,2
270,14,17,2582409,1,0,2,3,4
271,11,16,1719433,2,0,3,1
272,14,15,6863430,2,3,0,5
273,14,15,3720795,5,0,4,6
274,5,15,2725137,1,5,4,0,6
275,6,20,3446988,1,5,0,2,3,4
276,6,13,4322382,3,1,4,6,2
277,11,16,4095855,2,0,1,6,5
278,11,14,1284694,0,1,4
279,6,20,3446988,1,5,0,2,3,4
280,1,7,3388428,1,5,2,3,0
281,5,15,2430363,5,2,6,4,3
282,15,19,2688976,4,3,6,2
283,10,16,1040154,5,4,2,1
284,4,15,5285815,5,3,4,1,6
285,6,13,2710420,6,4,3,1
286,6,15,2623610,6,5,4,0
287,14,19,4449206,5,0,2
288,15,17,6042414,2,5,1,6,3,0
289,14,19,4312493,0,1,5
290,6,16,878901,0,6,3
291,14,19,7353196,0,1,4,5
292,11,14,3165109,3,4,6
293,14,20,3499136,1,2,3,4,6
294,5,15,7797991,5,6,1,4
295,15,20,14910933,1,5,2,6,3,4
296,11,15,4328803,6,1,0
297,11,17,1695050,1,0,6,3,4,2
298,14,15,6961711,0,6,1,3,2,5
299,11,16,2957536,0,4,1,6,5
300,8,15,3562769,3,4,0,6,5
301,14,16,1934551,3,6,0
302,13,15,13756304,4,6,5,0
303,5,15,4393013,4,2,6
304,10,12,163305567,4,5,1
305,13,15,5019062,3,0,5,4
306,14,16,904626,3,0,2,5,1
307,12,14,1440375,0,5,1,4,2,3
308,4,15,6299030,3,4,0
309,6,20,7036303,4,3,5,1
310,4,15,5877264,0,5,3,2
311,14,15,6961711,0,6,1,3,2,5
312,1,15,2284140,1,6,2
313,9,15,9659538,6,4,2
314,8,15,3562769,3,4,0,6,5
315,7,19,6428818,4,5,1
316,13,15,837621,5,4,2,6,3,1
317,13,15,13756304,4,6,5,0
318,6,20,7036303,4,3,5,1
319,8,15,10006275,6,5,4,2,0
320,10,14,879888,3,0,1
321,15,17,2440939,2,6,5,4,0,1
322,10,12,163305567,4,5,1
323,6,8,12102480,2,5,3,6,1,4
324,6,13,5939223,3,2,0,6,5,4
325,9,16,998622,6,4,0,2
326,10,20,1422849,2,3,5,6
327,7,19,3284884,4,0,5,6
328,6,13,1082273,3,5,1,4,0,2
329,15,19,6181203,1,2,3
330,3,15,1168878,6,3,4
331,11,16,2187347,4,5,1,2,0,3
332,12,14,1440375,0,5,1,4,2,3
333,10,13,31740447,6,3,4,5
334,6,15,2623610,6,5,4,0
335,3,15,1919857,1,4,6,3,5
336,10,20,1762123,2,5,6,0,4
337,10,20,3113753,5,3,6,2,4,0
338,1,7,1328482,2,1,3,5,6
339,6,19,3864387,2,4,5
340,8,15,3562769,3,4,0,6,5
341,14,15,7563211,3,6,0,2,4,1
342,11,16,2187347,4,5,1,2,0,3
343,1,7,1328482,2,1,3,5,6
344,1,10,17134316,4,3,0,6
345,7,15,2750939,6,3,4,2,5
346,3,15,6654199,2,1,4,5,0,6
347,6,20,1880071,4,0,5,3
348,4,19,1023652,2,0,6,3,4
349,6,13,2710420,6,4,3,1
350,6,8,11133208,0,6,3,1
351,6,15,2623610,6,5,4,0
352,13,15,1797075,2,3,4,0,5
353,11,20,1203371,6,0,2,1
354,11,16,4095855,2,0,1,6,5
355,6,7,51468610,2,4,5,0,6
356,6,16,878901,0,6,3
357,11,13,1613326,6,2,1,5,0,3
358,11,19,1245643,5,1,6
359,9,16,818198,4,6,2,1,3,5
360,1,15,2316338,6,3,2
361,15,17,7709755,3,5,2
362,11,12,2885196,4,5,2,0,1
363,3,14,1067859,2,3,1,4
364,9,15,3905913,4,1,5,6
365,12,14,1045590,6,4,0,3
366,6,16,4288708,3,0,4
367,12,15,1060048,0,6,5,4
368,1,7,1328482,2,1,3,5,6
369,9,16,998622,6,4,0,2
370,4,13,1390235,4,0,2,1,6,3
371,3,15,1976858,3,0,6,5,4
372,14,20,1180626,1,2,3,5,0
373,6,16,2043172,3,5,6
374,5,15,2725137,1,5,4,0,6
375,12,14,1045590,6,4,0,3
376,5,15,4350510,3,0,2,6
377,6,11,6038026,6,1,5,3
378,6,16,878901,0,6,3
379,4,15,13810050,6,2,0
380,1,15,10784277,4,3,1,2,5,0
381,10,12,1145881,5,1,0,3,4,2
382,14,16,3644755,4,3,1
383,1,7,3765065,3,5,4,2,0
384,6,7,51468610,2,4,5,0,6
385,14,20,4747554,4,3,2,6,5
386,13,15,13756304,4,6,5,0
387,13,14,1138090,6,0,2,4
388,10,15,166469809,2,3,6,1,4
389,3,15,1440795,2,5,1,3,6
390,15,16,9028917,2,4,0,6,1
391,6,15,17977963,4,6,1,2
392,14,20,7053871,1,5,0
393,14,15,6961711,0,6,1,3,2,5
394,9,15,6121331,4,5,6,3
395,5,14,1641941,4,3,5,1,0,2
396,10,16,1059196,1,6,3,0,4,2
397,15,19,3978597,4,0,6,1
398,15,17,6042414,2,5,1,6,3,0
399,7,15,2750939,6,3,4,2,5
400,11,20,2438364,6,2,4
401,11,12,2957306,3,6,4,5,2,0
402,11,20,2438364,6,2,4
403,14,19,4665192,4,3,6
404,15,19,3978597,4,0,6,1
405,6,15,8273765,6,3,0,4,1
406,15,16,6124172,4,5,2,6,1,3
407,3,15,1717322,3,4,0,2
408,7,19,6428818,4,5,1
409,10,20,3113753,5,3,6,2,4,0
410,6,13,2181532,4,5,2,0,1
411,14,19,1850369,3,4,1,6,2,5
412,10,17,2302052,1,6,2
413,10,15,4442472,3,1,6,4,0
414,11,20,1170541,0,4,1,2,5,6
415,10,15,2321921,0,4,2
416,11,13,810817,4,1,5
417,11,16,2957536,0,4,1,6,5
418,6,16,5301783,4,5,1,6
419,9,15,9659538,6,4,2
420,10,20,1422849,2,3,5,6
421,10,14,812773,3,2,5,0,6,1
422,4,8,949227,4,0,3,6,1
423,15,16,6124172,4,5,2,6,1,3
424,12,15,4799916,2,5,6
425,9,14,1468262,0,5,4
426,6,16,4003747,5,1,3,2
427,10,20,8681289,3,2,5,0,4
428,11,16,2187347,4,5,1,2,0,3
429,11,16,4189120,3,1,2
430,7,19,3284884,4,0,5,6
431,6,20,7036303,4,3,5,1
432,10,13,31740447,6,3,4,5
433,1,15,11769774,6,2,5,0,1,3
434,6,8,12102480,2,5,3,6,1,4
435,15,19,5954096,4,1,0
436,15,17,6578460,0,3,4,5,6
437,1,15,2284140,1,6,2
438,6,11,3834024,2,4,1,5,0,6
439,6,15,2623610,6,5,4,0
440,15,19,14206809,3,0,6,5,1,2
441,14,15,3500960,2,6,3,4,5,1
442,1,15,15536635,2,4,3,1
443,14,20,1180626,1,2,3,5,0
444,15,20,14910933,1,5,2,6,3,4
445,11,19,1530665,2,3,5,4,6
446,11,13,1613326,6,2,1,5,0,3
447,11,17,2061838,5,4,3,6
448,3,7,1383881,5,2,4,0,1,3
449,1,7,2277680,6,0,5
450,1,20,1049818,0,5,3
451,12,14,1045590,6,4,0,3
452,6,13,1082273,3,5,1,4,0,2
453,15,20,11827988,2,5,3,4,0
454,11,13,1613326,6,2,1,5,0,3
455,15,19,3978597,4,0,6,1
456,7,15,2750939,6,3,4,2,5
457,14,19,4312493,0,1,5
458,14,17,6732345,2,3,1,6,5,0
459,14,20,4747554,4,3,2,6,5
460,10,20,3113753,5,3,6,2,4,0
461,13,14,1138090,6,0,2,4
462,11,16,2187347,4,5,1,2,0,3
463,1,15,4179459,2,0,5,3,1,4
464,10,20,8681289,3,2,5,0,4
465,7,16,1377177,2,6,0
466,11,16,1719433,2,0,3,1
467,15,20,32411037,6,3,2,5,4,0
468,13,17,10990050,6,2,0,4
469,9,15,3905913,4,1,5,6
470,9,15,9659538,6,4,2
471,6,13,10313775,4,0,5,1,2
472,3,7,1383881,5,2,4,0,1,3
473,14,19,1850369,3,4,1,6,2,5
474,11,16,2483700,4,5,3,6,0,2
475,4,11,815196,1,3,2,6,4
476,6,13,5939223,3,2,0,6,5,4
477,11,16,1719433,2,0,3,1
478,14,19,4665192,4,3,6
479,12,14,1045590,6,4,0,3
480,14,15,3720795,5,0,4,6
481,14,20,1180626,1,2,3,5,0
482,14,19,7353196,0,1,4,5
483,5,15,4393013,4,2,6
484,11,16,2483700,4,5,3,6,0,2
485,11,12,4145669,0,5,1,4,6,2
486,12,17,5862850,1,0,2,4
487,1,7,3765065,3,5,4,2,0
488,4,6,1509810,4,1,3,6
489,15,16,6124172,4,5,2,6,1,3
490,8,15,2662028,2,4,0,6,5
491,15,19,14206809,3,0,6,5,1,2
492,8,15,3562769,3,4,0,6,5
493,6,16,4003747,5,1,3,2
494,3,15,1717322,3,4,0,2
495,10,20,2513649,2,0,1,3
496,6,16,878901,0,6,3
497,7,15,1142854,0,6,2,4
498,12,16,1490118,5,0,2
499,15,17,2996760,3,1,5,2,6
500,6,20,1880071,4,0,5,3
501,9,15,3905913,4,1,5,6
502,14,15,4503350,3,1,0,6
503,6,20,5663041,0,2,4,6,1
504,6,20,1880071,4,0,5,3
505,6,8,15583120,2,6,5
506,1,15,2284140,1,6,2
507,11,14,1284694,0,1,4
508,14,15,3720795,5,0,4,6
509,7,15,2750939,6,3,4,2,5
510,15,17,6042414,2,5,1,6,3,0
511,15,19,5957353,5,4,3
512,4,15,9500472,0,1,6
513,12,17,5862850,1,0,2,4
514,11,16,2483700,4,5,3,6,0,2
515,6,19,10185624,6,4,0,3,5,1
516,12,14,1440375,0,5,1,4,2,3
517,15,16,6124172,4,5,2,6,1,3
518,4,13,1390235,4,0,2,1,6,3
519,15,17,7709755,3,5,2
520,12,14,1440375,0,5,1,4,2,3
521,11,17,2616100,1,0,6,5,2,4
522,10,12,1145881,5,1,0,3,4,2
523,11,19,1115921,0,5,6
524,15,19,3978597,4,0,6,1
525,12,16,1490118,5,0,2
526,10,14,812773,3,2,5,0,6,1
527,11,16,4095855,2,0,1,6,5
528,6,15,4116448,4,0,1,2
529,6,7,51468610,2,4,5,0,6
530,6,15,2623610,6,5,4,0
531,13,15,5019062,3,0,5,4
532,15,17,2996760,3,1,5,2,6
533,7,19,3284884,4,0,5,6
534,15,17,6042414,2,5,1,6,3,0
535,10,11,977985,2,1,6
536,15,17,2996760,3,1,5,2,6
537,4,13,1390235,4,0,2,1,6,3
538,13,15,3382071,1,3,0,2,4
539,9,15,5353702,0,1,4,2,6,3
540,11,15,4328803,6,1,0
541,10,14,879888,3,0,1
542,10,17,17022243,4,1,5
543,11,16,3595169,2,1,3
544,1,7,3108988,5,2,1,0,6
545,14,15,9983590,3,6,2
546,15,16,7536966,3,4,6
547,6,15,3454630,1,0,3,5,6,2
548,14,16,904626,3,0,2,5,1
549,14,16,904626,3,0,2,5,1
550,14,16,1934551,3,6,0
551,10,17,2302052,1,6,2
552,1,7,3388428,1,5,2,3,0
553,13,15,5019062,3,0,5,4
554,6,20,5663041,0,2,4,6,1
555,6,8,7384842,6,1,4
556,6,8,11133208,0,6,3,1
557,8,14,1192235,1,5,6,2,4
558,14,19,4312493,0,1,5
559,6,15,2623610,6,5,4,0
560,8,15,3562769,3,4,0,6,5
561,15,20,11730820,5,3,6,2,1,4
562,9,14,1468262,0,5,4
563,12,15,4674551,4,3,5,0
564,14,15,9983590,3,6,2
565,1,7,3765065,3,5,4,2,0
566,1,4,7124608,1,3,0,5,6
567,1,10,17134316,4,3,0,6
568,11,12,2957306,3,6,4,5,2,0
569,14,16,904626,3,0,2,5,1
570,14,16,1850080,1,0,3,2,4,6
571,10,15,5654580,3,4,5,1,6
572,11,20,1203371,6,0,2,1
573,6,13,2181532,4,5,2,0,1
574,11,14,1419307,4,6,3
575,14,19,2558701,1,0,4
576,15,20,11827988,2,5,3,4,0
577,1,15,1248824,2,4,6,5,1
578,11,15,5297367,6,4,0,5
579,6,8,11133208,0,6,3,1
580,13,15,5527630,2,6,4
581,6,7,51468610,2,4,5,0,6
582,4,11,815196,1,3,2,6,4
583,7,19,4488051,0,6,2,5,1,4
584,14,19,4312493,0,1,5
585,11,16,4095855,2,0,1,6,5
586,5,15,2725137,1,5,4,0,6
587,13,14,1138090,6,0,2,4
588,14,19,10515141,6,2,3,4
589,14,20,4747554,4,3,2,6,5
590,14,17,4241803,2,3,1,0,6,5
591,10,20,8681289,3,2,5,0,4
592,7,19,4488051,0,6,2,5,1,4
593,10,15,2938013,6,1,4,2,5,0
594,8,15,4784861,0,3,6
595,1,10,17134316,4,3,0,6
596,6,11,3834024,2,4,1,5,0,6
597,14,19,4665192,4,3,6
598,4,13,1390235,4,0,2,1,6,3
599,14,20,4595428,1,6,5
600,15,19,10081440,0,5,4
601,15,20,11730820,5,3,6,2,1,4
602,11,17,1240944,3,2,4,0,1
603,10,14,812773,3,2,5,0,6,1
604,14,15,3942434,1,6,2,3
605,8,15,2662028,2,4,0,6,5
606,11,15,5154285,5,4,3,1,6,2
607,10,20,1422849,2,3,5,6
608,8,15,2662028,2,4,0,6,5
609,1,7,3108988,5,2,1,0,6
610,11,14,3165109,3,4,6
611,13,14,1138090,6,0,2,4
612,9,15,7670213,6,5,4
613,9,16,818198,4,6,2,1,3,5
614,4,19,1023652,2,0,6,3,4
615,3,15,1717322,3,4,0,2
616,14,17,4029393,3,0,2,6,5,1
617,7,19,1621541,0,5,1,4,2
618,11,17,1240944,3,2,4,0,1
619,13,15,837621,5,4,2,6,3,1
620,11,14,1419307,4,6,3
621,11,20,2438364,6,2,4
622,3,15,6654199,2,1,4,5,0,6
623,6,13,1631169,5,4,6,2,3,1
624,12,14,1440375,0,5,1,4,2,3
625,6,7,51468610,2,4,5,0,6
626,15,17,6042414,2,5,1,6,3,0
627,10,15,6394862,3,1,6,4,2
628,5,15,2725137,1,5,4,0,6
629,14,17,4029393,3,0,2,6,5,1
630,6,20,1880071,4,0,5,3
631,14,16,3644755,4,3,1
632,1,10,17134316,4,3,0,6
633,10,15,166469809,2,3,6,1,4
634,11,12,3759260,0,1,5,6,2,4
635,15,20,11827988,2,5,3,4,0
636,6,20,3228995,3,1,6
637,11,15,5297367,6,4,0,5
638,10,17,17022243,4,1,5
639,15,19,5957353,5,4,3
640,12,14,1440375,0,5,1,4,2,3
641,14,16,1631183,3,2,4
642,11,20,1130854,5,3,2,1,0,4
643,11,13,810817,4,1,5
644,6,11,3834024,2,4,1,5,0,6
645,14,20,4747554,4,3,2,6,5
646,13,15,3382071,1,3,0,2,4
647,14,19,2558701,1,0,4
648,11,19,2496601,0,5,1
649,11,14,3770268,1,4,3,6,2,0
650,12,15,995858,5,2,3,4,6,1
651,15,17,6042414,2,5,1,6,3,0
652,11,17,2616100,1,0,6,5,2,4
653,9,15,4486788,4,6,5,0,2,3
654,3,7,1383881,5,2,4,0,1,3
655,11,16,2187347,4,5,1,2,0,3
656,15,20,14910933,1,5,2,6,3,4
657,15,17,6042414,2,5,1,6,3,0
658,14,15,3720795,5,0,4,6
659,3,15,1717322,3,4,0,2
660,6,15,3454630,1,0,3,5,6,2
661,4,6,1509810,4,1,3,6
662,6,16,878901,0,6,3
663,6,8,11133208,0,6,3,1
664,6,16,5301783,4,5,1,6
665,10,14,812773,3,2,5,0,6,1
666,6,11,3834024,2,4,1,5,0,6
667,10,16,1040154,5,4,2,1
668,1,15,2284140,1,6,2
669,8,14,1192235,1,5,6,2,4
670,11,14,1284694,0,1,4
671,6,19,10185624,6,4,0,3,5,1
672,10,20,1422849,2,3,5,6
673,11,16,3595169,2,1,3
674,8,15,3562769,3,4,0,6,5
675,14,16,1850080,1,0,3,2,4,6
676,11,16,4189120,3,1,2
677,15,16,7536966,3,4,6
678,13,17,10990050,6,2,0,4
679,10,20,8681289,3,2,5,0,4
680,4,19,1023652,2,0,6,3,4
681,15,20,14910933,1,5,2,6,3,4
682,11,19,1115921,0,5,6
683,14,16,1631183,3,2,4
684,6,13,5939223,3,2,0,6,5,4
685,14,15,3500960,2,6,3,4,5,1
686,14,20,4595428,1,6,5
687,15,17,2440939,2,6,5,4,0,1
688,13,15,3382071,1,3,0,2,4
689,15,19,6181203,1,2,3
690,6,19,9067239,2,5,1,6,4
691,11,16,1719433,2,0,3,1
692,3,15,6654199,2,1,4,5,0,6
693,12,14,958995,0,5,2,4,1
694,14,17,4241803,2,3,1,0,6,5
695,13,15,1797075,2,3,4,0,5
696,11,14,1284694,0,1,4
697,14,15,7563211,3,6,0,2,4,1
698,6,8,11133208,0,6,3,1
699,14,15,3720795,5,0,4,6
700,15,16,6124172,4,5,2,6,1,3
701,9,16,998622,6,4,0,2
702,11,20,1203371,6,0,2,1
703,11,15,4328803,6,1,0
704,8,14,1192235,1,5,6,2,4
705,5,15,7797991,5,6,1,4
706,11,15,5154285,5,4,3,1,6,2
707,14,15,6961711,0,6,1,3,2,5
708,15,20,11827988,2,5,3,4,0
709,1,15,4179459,2,0,5,3,1,4
710,9,15,6121331,4,5,6,3
711,15,20,14910933,1,5,2,6,3,4
712,10,19,5849629,0,4,5,1,6,3
713,5,15,4350510,3,0,2,6
714,7,19,2334233,6,4,5
715,11,17,2616100,1,0,6,5,2,4
716,13,15,1617533,5,2,4
717,11,16,4095855,2,0,1,6,5
718,3,15,1919857,1,4,6,3,5
719,11,16,4189120,3,1,2
720,11,16,2187347,4,5,1,2,0,3
721,6,20,3228995,3,1,6
722,4,8,949227,4,0,3,6,1
723,4,6,1509810,4,1,3,6
724,8,15,15951002,6,1,4
725,1,15,11769774,6,2,5,0,1,3
726,4,15,5285815,5,3,4,1,6
727,14,15,9983590,3,6,2
728,14,19,10515141,6,2,3,4
729,1,20,1049818,0,5,3
730,15,19,3978597,4,0,6,1
731,10,20,8681289,3,2,5,0,4
732,1,10,17134316,4,3,0,6
733,10,20,4609189,6,3,4,2,5
734,11,19,1530665,2,3,5,4,6
735,6,8,12102480,2,5,3,6,1,4
736,6,13,4694434,4,3,0,6,2,1
737,12,15,4674551,4,3,5,0
738,6,13,10313775,4,0,5,1,2
739,6,8,9146089,6,1,3,5
740,11,16,4189120,3,1,2
741,1,7,2277680,6,0,5
742,7,19,4488051,0,6,2,5,1,4
743,14,17,4920487,2,4,6,3
744,6,20,2937439,4,0,5,6,2,1
745,5,15,7797991,5,6,1,4
746,4,15,6299030,3,4,0
747,5,6,2333342,1,4,3
748,14,15,4503350,3,1,0,6
749,11,12,2957306,3,6,4,5,2,0
750,11,15,4328803,6,1,0
751,6,16,7454182,2,6,4,5,0
752,14,19,4312493,0,1,5
753,9,16,818198,4,6,2,1,3,5
754,14,15,4503350,3,1,0,6
755,9,14,1468262,0,5,4
756,10,15,2321921,0,4,2
757,12,14,1045590,6,4,0,3
758,15,19,10081440,0,5,4
759,12,16,5067296,2,0,3,1,4,6
760,11,16,2187347,4,5,1,2,0,3
761,15,19,2688976,4,3,6,2
762,15,19,10081440,0,5,4
763,6,20,3446988,1,5,0,2,3,4
764,9,15,7670213,6,5,4
765,6,20,5663041,0,2,4,6,1
766,10,19,5849629,0,4,5,1,6,3
767,14,17,2582409,1,0,2,3,4
768,11,20,2438364,6,2,4
769,6,20,3446988,1,5,0,2,3,4
770,10,20,1762123,2,5,6,0,4
771,14,19,4312493,0,1,5
772,11,19,1245643,5,1,6
773,14,20,4595428,1,6,5
774,11,16,4189120,3,1,2
775,9,14,1468262,0,5,4
776,13,15,3382071,1,3,0,2,4
777,9,15,3905913,4,1,5,6
778,11,19,1245643,5,1,6
779,4,15,5285815,5,3,4,1,6
780,7,19,3284884,4,0,5,6
781,1,7,3765065,3,5,4,2,0
782,10,15,2321921,0,4,2
783,1,15,1248824,2,4,6,5,1
784,11,16,3595169,2,1,3
785,15,17,4608356,2,3,0,1
786,6,13,2181532,4,5,2,0,1
787,11,19,1245643,5,1,6
788,15,17,2996760,3,1,5,2,6
789,15,17,6042414,2,5,1,6,3,0
790,10,17,17022243,4,1,5
791,14,16,1934551,3,6,0
792,13,17,10990050,6,2,0,4
793,6,8,26334480,3,0,1,2,6
794,15,17,2996760,3,1,5,2,6
795,6,13,4322382,3,1,4,6,2
796,7,14,874658,5,0,6,4
797,12,15,4799916,2,5,6
798,11,19,1245643,5,1,6
799,10,20,2513649,2,0,1,3
800,15,16,6124172,4,5,2,6,1,3
801,14,15,3720795,5,0,4,6
802,6,8,11133208,0,6,3,1
803,5,15,8263371,2,6,4,5,1,3
804,8,15,10006275,6,5,4,2,0
805,3,15,1919857,1,4,6,3,5
806,14,17,4241803,2,3,1,0,6,5
807,14,19,10515141,6,2,3,4
808,10,16,1040154,5,4,2,1
809,6,19,9067239,2,5,1,6,4
810,6,16,4288708,3,0,4
811,10,14,879888,3,0,1
812,9,15,6121331,4,5,6,3
813,11,12,3759260,0,1,5,6,2,4
814,11,16,2957536,0,4,1,6,5
815,13,14,948896,5,6,4,1,3,0
816,8,15,4784861,0,3,6
817,6,20,2937439,4,0,5,6,2,1
818,11,15,4328803,6,1,0
819,16,17,894974,1,5,2
820,15,17,2440939,2,6,5,4,0,1
821,11,13,1613326,6,2,1,5,0,3
822,4,15,5877264,0,5,3,2
823,15,19,5954096,4,1,0
824,11,20,1170541,0,4,1,2,5,6
825,6,16,21022180,6,5,1
826,6,16,5301783,4,5,1,6
827,9,15,9659538,6,4,2
828,7,16,1377177,2,6,0
829,7,15,2750939,6,3,4,2,5
830,6,13,4694434,4,3,0,6,2,1
831,10,19,9229911,2,1,4,5
832,6,13,1082273,3,5,1,4,0,2
833,9,16,818198,4,6,2,1,3,5
834,10,15,4442472,3,1,6,4,0
835,11,16,2957536,0,4,1,6,5
836,15,19,874899,5,0,6,2,1,3
837,7,19,3284884,4,0,5,6
838,14,15,6863430,2,3,0,5
839,10,20,8681289,3,2,5,0,4
840,1,15,2284140,1,6,2
841,6,16,6603024,4,3,0,6,1,2
842,4,15,6299030,3,4,0
843,11,19,1530665,2,3,5,4,6
844,7,19,6428818,4,5,1
845,6,15,17977963,4,6,1,2
846,12,15,4674551,4,3,5,0
847,9,15,4486788,4,6,5,0,2,3
848,14,19,1850369,3,4,1,6,2,5
849,11,14,3165109,3,4,6
850,6,20,7036303,4,3,5,1
851,6,15,8273765,6,3,0,4,1
852,11,14,3770268,1,4,3,6,2,0
853,6,15,5711147,5,3,0,6
854,10,17,17022243,4,1,5
855,10,15,4442472,3,1,6,4,0
856,5,15,2725137,1,5,4,0,6
857,15,19,5957353,5,4,3
858,11,14,1284694,0,1,4
859,6,20,1880071,4,0,5,3
860,5,15,8263371,2,6,4,5,1,3
861,13,15,13756304,4,6,5,0
862,13,15,13756304,4,6,5,0
863,13,14,1138090,6,0,2,4
864,1,15,2284140,1,6,2
865,6,16,7454182,2,6,4,5,0
866,14,15,3720795,5,0,4,6
867,9,16,818198,4,6,2,1,3,5
868,1,7,3108988,5,2,1,0,6
869,13,15,1617533,5,2,4
870,10,19,9229911,2,1,4,5
871,11,17,2061838,5,4,3,6
872,5,14,1641941,4,3,5,1,0,2
873,11,17,2061838,5,4,3,6
874,9,15,6121331,4,5,6,3
875,1,15,11769774,6,2,5,0,1,3
876,6,8,9146089,6,1,3,5
877,11,15,5297367,6,4,0,5
878,5,14,2538692,0,2,1,3
879,6,20,5663041,0,2,4,6,1
880,6,15,17977963,4,6,1,2
881,11,15,7905003,2,5,1,4
882,8,15,2662028,2,4,0,6,5
883,6,11,3834024,2,4,1,5,0,6
884,14,20,7053871,1,5,0
885,10,20,1422849,2,3,5,6
886,7,19,4488051,0,6,2,5,1,4
887,5,15,3446220,3,4,6,2
888,15,17,6042414,2,5,1,6,3,0
889,15,19,2688976,4,3,6,2
890,4,13,1390235,4,0,2,1,6,3
891,16,17,894974,1,5,2
892,12,16,1490118,5,0,2
893,11,17,2061838,5,4,3,6
894,8,15,15951002,6,1,4
895,13,14,815283,3,5,1,4,0
896,3,15,1717322,3,4,0,2
897,4,6,1509810,4,1,3,6
898,15,17,6578460,0,3,4,5,6
899,15,17,3502944,0,6,2,4,1,3
900,15,19,14206809,3,0,6,5,1,2
901,11,16,2957536,0,4,1,6,5
902,12,14,958995,0,5,2,4,1
903,14,19,4312493,0,1,5
904,10,14,979170,0,5,1,2,3
905,8,14,1192235,1,5,6,2,4
906,11,13,1613326,6,2,1,5,0,3
907,13,15,13756304,4,6,5,0
908,11,13,1613326,6,2,1,5,0,3
909,15,19,874899,5,0,6,2,1,3
910,10,12,163305567,4,5,1
911,12,15,4674551,4,3,5,0
912,10,20,4609189,6,3,4,2,5
913,6,13,10313775,4,0,5,1,2
914,6,8,9146089,6,1,3,5
915,1,7,2277680,6,0,5
916,12,14,958995,0,5,2,4,1
917,6,15,2623610,6,5,4,0
918,4,11,815196,1,3,2,6,4
919,5,15,3446220,3,4,6,2
920,6,16,4003747,5,1,3,2
921,6,13,10313775,4,0,5,1,2
922,6,16,4003747,5,1,3,2
923,11,15,4328803,6,1,0
924,7,15,1304164,1,4,6
925,15,19,6181203,1,2,3
926,11,19,1115921,0,5,6
927,10,15,2321921,0,4,2
928,15,20,11730820,5,3,6,2,1,4
929,6,19,3864387,2,4,5
930,12,15,1060048,0,6,5,4
931,14,17,2582409,1,0,2,3,4
932,9,15,5353702,0,1,4,2,6,3
933,11,15,7905003,2,5,1,4
934,13,14,816490,1,5,0,2,4
935,12,15,1060048,0,6,5,4
936,6,13,2710420,6,4,3,1
937,1,5,1182180,1,4,6,3,0
938,3,15,6654199,2,1,4,5,0,6
939,13,15,837621,5,4,2,6,3,1
940,8,15,2662028,2,4,0,6,5
941,10,14,979170,0,5,1,2,3
942,7,19,2334233,6,4,5
943,11,20,1130854,5,3,2,1,0,4
944,1,7,3108988,5,2,1,0,6
945,6,16,4288708,3,0,4
946,11,16,4095855,2,0,1,6,5
947,11,12,2957306,3,6,4,5,2,0
948,14,16,904626,3,0,2,5,1
949,6,13,10313775,4,0,5,1,2
950,3,15,1168878,6,3,4
951,7,19,1621541,0,5,1,4,2
952,10,17,2302052,1,6,2
953,13,15,5527630,2,6,4
954,14,15,4503350,3,1,0,6
955,9,15,5353702,0,1,4,2,6,3
956,15,20,14910933,1,5,2,6,3,4
957,14,16,1631183,3,2,4
958,7,19,3284884,4,0,5,6
959,12,17,5862850,1,0,2,4
960,14,20,1180626,1,2,3,5,0
961,14,15,3500960,2,6,3,4,5,1
962,7,15,2750939,6,3,4,2,5
963,11,16,1219329,4,2,3,0,1
964,6,20,3228995,3,1,6
965,5,15,4393013,4,2,6
966,11,20,1130854,5,3,2,1,0,4
967,14,20,3499136,1,2,3,4,6
968,11,13,810817,4,1,5
969,4,15,6299030,3,4,0
970,11,19,1530665,2,3,5,4,6
971,6,15,17977963,4,6,1,2
972,10,20,1762123,2,5,6,0,4
973,6,19,9067239,2,5,1,6,4
974,5,15,7797991,5,6,1,4
975,10,17,17022243,4,1,5
976,1,20,1049818,0,5,3
977,6,13,2710420,6,4,3,1
978,6,20,3228995,3,1,6
979,13,15,837621,5,4,2,6,3,1
980,9,15,4486788,4,6,5,0,2,3
981,14,19,4449206,5,0,2
982,6,13,1082273,3,5,1,4,0,2
983,12,17,5862850,1,0,2,4
984,14,17,6732345,2,3,1,6,5,0
985,12,16,5067296,2,0,3,1,4,6
986,11,19,1115921,0,5,6
987,11,17,1695050,1,0,6,3,4,2
988,12,15,4799916,2,5,6
989,8,15,10006275,6,5,4,2,0
990,12,14,1440375,0,5,1,4,2,3
991,1,15,10784277,4,3,1,2,5,0
992,4,15,13810050,6,2,0
993,11,12,3759260,0,1,5,6,2,4
994,9,15,3905913,4,1,5,6
995,8,15,10006275,6,5,4,2,0
996,13,17,10990050,6,2,0,4
997,14,20,3450311,5,4,3,1
998,15,20,25342157,4,0,2,5,6
999,7,15,1142854,0,6,2,4
1000,15,20,11730820,5,3,6,2,1,4
1001,10,20,4609189,6,3,4,2,5
1002,15,20,14910933,1,5,2,6,3,4
1003,6,11,4666308,5,3,2,6,0,4
1004,14,16,904626,3,0,2,5,1
1005,3,15,6654199,2,1,4,5,0,6
1006,8,14,1192235,1,5,6,2,4
1007,8,14,1192235,1,5,6,2,4
1008,6,15,8273765,6,3,0,4,1
1009,7,15,2750939,6,3,4,2,5
1010,6,8,12102480,2,5,3,6,1,4
1011,14,15,6863430,2,3,0,5
1012,3,15,1717322,3,4,0,2
1013,14,19,1850369,3,4,1,6,2,5
1014,6,16,2043172,3,5,6
1015,11,20,1203371,6,0,2,1
1016,7,15,2750939,6,3,4,2,5
1017,4,15,5285815,5,3,4,1,6
1018,10,20,4609189,6,3,4,2,5
1019,13,15,1617533,5,2,4
1020,10,20,1762123,2,5,6,0,4
1021,11,17,1695050,1,0,6,3,4,2
1022,9,15,4486788,4,6,5,0,2,3
1023,6,16,7454182,2,6,4,5,0
1024,14,17,4241803,2,3,1,0,6,5
1025,6,8,15583120,2,6,5
1026,14,20,7053871,1,5,0
1027,9,15,7670213,6,5,4
1028,11,15,5154285,5,4,3,1,6,2
1029,15,20,11730820,5,3,6,2,1,4
1030,1,7,3765065,3,5,4,2,0
1031,15,17,6578460,0,3,4,5,6
1032,1,7,2277680,6,0,5
1033,13,15,1617533,5,2,4
1034,14,20,7053871,1,5,0
1035,13,15,1797075,2,3,4,0,5
1036,6,13,1082273,3,5,1,4,0,2
1037,6,14,2460964,2,6,3,4
1038,10,13,31740447,6,3,4,5
1039,15,19,5957353,5,4,3
1040,11,19,1530665,2,3,5,4,6
1041,9,15,5353702,0,1,4,2,6,3
1042,6,16,7454182,2,6,4,5,0
1043,16,17,894974,1,5,2
1044,13,15,1617533,5,2,4
1045,11,15,4328803,6,1,0
1046,5,6,2333342,1,4,3
1047,13,14,948896,5,6,4,1,3,0
1048,5,15,8263371,2,6,4,5,1,3
1049,7,19,2334233,6,4,5
1050,12,15,4799916,2,5,6
1051,6,16,5501332,4,1,6,0,5,2
1052,14,16,1631183,3,2,4
1053,11,20,3004715,6,4,0,5
1054,12,14,1045590,6,4,0,3
1055,6,16,6603024,4,3,0,6,1,2
1056,13,15,1617533,5,2,4
1057,14,19,6196808,4,5,6,1,2,0
1058,7,19,2334233,6,4,5
1059,6,8,9146089,6,1,3,5
1060,1,7,4285602,0,3,2,4,5,6
1061,10,20,4609189,6,3,4,2,5
1062,14,16,1934551,3,6,0
1063,8,15,15951002,6,1,4
1064,9,16,998622,6,4,0,2
1065,5,14,1641941,4,3,5,1,0,2
1066,9,15,7455870,4,2,1,0,5
1067,5,15,7797991,5,6,1,4
1068,12,14,1045590,6,4,0,3
1069,7,15,2750939,6,3,4,2,5
1070,5,14,2538692,0,2,1,3
1071,6,8,11133208,0,6,3,1
1072,7,19,2334233,6,4,5
1073,9,16,818198,4,6,2,1,3,5
1074,12,16,1490118,5,0,2
1075,10,20,1762123,2,5,6,0,4
1076,6,7,51468610,2,4,5,0,6
1077,15,17,3502944,0,6,2,4,1,3
1078,6,11,6038026,6,1,5,3
1079,5,15,7797991,5,6,1,4
1080,11,14,1419307,4,6,3
1081,11,16,4189120,3,1,2
1082,9,15,9659538,6,4,2
1083,12,14,1045590,6,4,0,3
1084,6,15,8273765,6,3,0,4,1
1085,10,20,2513649,2,0,1,3
1086,6,11,4666308,5,3,2,6,0,4
1087,1,7,4285602,0,3,2,4,5,6
1088,9,16,818198,4,6,2,1,3,5
1089,4,15,5877264,0,5,3,2
1090,11,14,3165109,3,4,6
1091,11,14,3770268,1,4,3,6,2,0
1092,5,15,4350510,3,0,2,6
1093,10,15,3387190,6,2,5,3
1094,6,20,2937439,4,0,5,6,2,1
1095,11,16,1219329,4,2,3,0,1
1096,3,15,1440795,2,5,1,3,6
1097,11,13,1613326,6,2,1,5,0,3
1098,3,7,1383881,5,2,4,0,1,3
1099,6,20,1880071,4,0,5,3
1100,13,15,837621,5,4,2,6,3,1
1101,3,7,1383881,5,2,4,0,1,3
1102,10,14,979170,0,5,1,2,3
1103,6,11,4666308,5,3,2,6,0,4
1104,6,13,2181532,4,5,2,0,1
1105,11,16,1719433,2,0,3,1
1106,6,20,1880071,4,0,5,3
1107,14,19,2558701,1,0,4
1108,15,16,9028917,2,4,0,6,1
1109,10,17,2302052,1,6,2
1110,11,13,4079420,3,0,5
1111,14,19,2558701,1,0,4
1112,6,16,5501332,4,1,6,0,5,2
1113,3,7,1383881,5,2,4,0,1,3
1114,6,8,9146089,6,1,3,5
1115,14,19,4312493,0,1,5
1116,14,19,4665192,4,3,6
1117,11,16,1219329,4,2,3,0,1
1118,15,19,3978597,4,0,6,1
1119,8,14,1192235,1,5,6,2,4
1120,6,16,4288708,3,0,4
1121,12,14,1045590,6,4,0,3
1122,11,20,3004715,6,4,0,5
1123,6,16,2043172,3,5,6
1124,3,14,1067859,2,3,1,4
1125,7,14,874658,5,0,6,4
1126,13,14,816490,1,5,0,2,4
1127,1,7,3388428,1,5,2,3,0
1128,4,15,5877264,0,5,3,2
1129,9,15,3905913,4,1,5,6
1130,6,13,2710420,6,4,3,1
1131,6,15,8273765,6,3,0,4,1
1132,6,16,5301783,4,5,1,6
1133,14,15,3500960,2,6,3,4,5,1
1134,10,20,8681289,3,2,5,0,4
1135,6,13,4322382,3,1,4,6,2
1136,11,16,3595169,2,1,3
1137,13,14,948896,5,6,4,1,3,0
1138,11,14,1419307,4,6,3
1139,12,14,1045590,6,4,0,3
1140,11,20,1170541,0,4,1,2,5,6
1141,15,16,7536966,3,4,6
1142,6,19,10185624,6,4,0,3,5,1
1143,14,19,4312493,0,1,5
1144,14,19,4449206,5,0,2
1145,11,16,1719433,2,0,3,1
1146,14,19,4665192,4,3,6
1147,11,19,1245643,5,1,6
1148,10,15,5654580,3,4,5,1,6
1149,15,19,14206809,3,0,6,5,1,2
1150,9,12,1157334,4,6,0
1151,13,15,5527630,2,6,4
1152,1,7,4285602,0,3,2,4,5,6
1153,13,17,10990050,6,2,0,4
1154,7,19,2334233,6,4,5
1155,6,8,9146089,6,1,3,5
1156,6,16,21022180,6,5,1
1157,6,13,10313775,4,0,5,1,2
1158,6,20,3228995,3,1,6
1159,11,15,4328803,6,1,0
1160,14,17,6732345,2,3,1,6,5,0
1161,6,13,10313775,4,0,5,1,2
1162,13,15,837621,5,4,2,6,3,1
1163,4,15,5285815,5,3,4,1,6
1164,9,14,1468262,0,5,4
1165,14,15,4503350,3,1,0,6
1166,9,14,1468262,0,5,4
1167,10,16,1040154,5,4,2,1
1168,5,15,8263371,2,6,4,5,1,3
1169,7,14,874658,5,0,6,4
1170,11,20,1170541,0,4,1,2,5,6
1171,7,19,2334233,6,4,5
1172,3,14,1067859,2,3,1,4
1173,11,12,3759260,0,1,5,6,2,4
1174,15,17,2996760,3,1,5,2,6
1175,8,15,4784861,0,3,6
1176,11,17,1695050,1,0,6,3,4,2
1177,14,15,3500960,2,6,3,4,5,1
1178,6,20,7036303,4,3,5,1
1179,4,15,5285815,5,3,4,1,6
1180,14,16,904626,3,0,2,5,1
1181,12,14,1440375,0,5,1,4,2,3
1182,15,19,10081440,0,5,4
1183,1,20,1049818,0,5,3
1184,8,15,15951002,6,1,4
1185,11,12,2885196,4,5,2,0,1
1186,5,15,7797991,5,6,1,4
1187,14,19,4665192,4,3,6
1188,14,16,3644755,4,3,1
1189,6,19,10185624,6,4,0,3,5,1
1190,13,15,1797075,2,3,4,0,5
1191,15,16,7536966,3,4,6
1192,14,17,4920487,2,4,6,3
1193,10,20,4609189,6,3,4,2,5
1194,10,20,1422849,2,3,5,6
1195,5,15,2725137,1,5,4,0,6
1196,10,19,5849629,0,4,5,1,6,3
1197,15,17,3502944,0,6,2,4,1,3
1198,7,19,4488051,0,6,2,5,1,4
1199,11,16,4095855,2,0,1,6,5
1200,16,17,894974,1,5,2
1201,14,19,4449206,5,0,2
1202,7,15,1142854,0,6,2,4
1203,10,17,17022243,4,1,5
1204,5,15,4393013,4,2,6
1205,10,11,977985,2,1,6
1206,9,15,7455870,4,2,1,0,5
1207,11,20,3004715,6,4,0,5
1208,15,19,2688976,4,3,6,2
1209,15,19,2688976,4,3,6,2
1210,1,7,3765065,3,5,4,2,0
1211,6,16,4288708,3,0,4
1212,6,11,6038026,6,1,5,3
1213,4,15,9500472,0,1,6
1214,14,20,3450311,5,4,3,1
1215,11,20,1203371,6,0,2,1
1216,6,11,3834024,2,4,1,5,0,6
1217,6,8,11133208,0,6,3,1
1218,11,16,2483700,4,5,3,6,0,2
1219,15,17,4608356,2,3,0,1
1220,3,14,1067859,2,3,1,4
1221,14,20,3450311,5,4,3,1
1222,1,10,17134316,4,3,0,6
1223,10,14,879888,3,0,1
1224,10,20,1762123,2,5,6,0,4
1225,15,17,2996760,3,1,5,2,6
1226,11,16,2187347,4,5,1,2,0,3
1227,7,14,874658,5,0,6,4
1228,11,17,2616100,1,0,6,5,2,4
1229,7,19,1621541,0,5,1,4,2
1230,12,16,5067296,2,0,3,1,4,6
1231,5,6,2333342,1,4,3
1232,7,19,2334233,6,4,5
1233,6,15,2623610,6,5,4,0
1234,6,8,26334480,3,0,1,2,6
1235,11,16,1719433,2,0,3,1
1236,11,16,3595169,2,1,3
1237,11,14,3770268,1,4,3,6,2,0
1238,6,16,5501332,4,1,6,0,5,2
1239,6,8,15583120,2,6,5
1240,3,15,1919857,1,4,6,3,5
1241,1,15,2316338,6,3,2
1242,1,7,3388428,1,5,2,3,0
1243,4,15,6299030,3,4,0
1244,15,20,32411037,6,3,2,5,4,0
1245,12,16,1490118,5,0,2
1246,10,16,1059196,1,6,3,0,4,2
1247,6,13,2710420,6,4,3,1
1248,14,16,1850080,1,0,3,2,4,6
1249,15,19,14206809,3,0,6,5,1,2
1250,6,16,7454182,2,6,4,5,0
1251,8,15,10006275,6,5,4,2,0
1252,14,15,9983590,3,6,2
1253,15,16,7536966,3,4,6
1254,6,16,4288708,3,0,4
1255,14,19,4312493,0,1,5
1256,14,15,9983590,3,6,2
1257,10,15,166469809,2,3,6,1,4
1258,14,16,904626,3,0,2,5,1
1259,14,16,904626,3,0,2,5,1
1260,6,8,7384842,6,1,4
1261,6,8,26334480,3,0,1,2,6
1262,3,14,1067859,2,3,1,4
1263,10,15,2321921,0,4,2
1264,6,8,11133208,0,6,3,1
1265,14,16,3644755,4,3,1
1266,13,14,816490,1,5,0,2,4
1267,6,20,1880071,4,0,5,3
1268,1,10,17134316,4,3,0,6
1269,1,15,1248824,2,4,6,5,1
1270,7,16,1377177,2,6,0
1271,6,15,2623610,6,5,4,0
1272,6,8,12102480,2,5,3,6,1,4
1273,14,15,3942434,1,6,2,3
1274,10,19,9229911,2,1,4,5
1275,7,19,2334233,6,4,5
1276,14,16,1934551,3,6,0
1277,8,15,4784861,0,3,6
1278,11,12,2957306,3,6,4,5,2,0
1279,9,15,9659538,6,4,2
1280,7,15,1304164,1,4,6
1281,13,15,5527630,2,6,4
1282,7,19,3284884,4,0,5,6
1283,10,20,1762123,2,5,6,0,4
1284,14,17,4241803,2,3,1,0,6,5
1285,15,17,2996760,3,1,5,2,6
1286,7,15,1304164,1,4,6
1287,1,15,1248824,2,4,6,5,1
1288,7,19,4488051,0,6,2,5,1,4
1289,4,8,949227,4,0,3,6,1
1290,11,14,1284694,0,1,4
1291,10,15,166469809,2,3,6,1,4
1292,11,13,1613326,6,2,1,5,0,3
1293,6,13,5939223,3,2,0,6,5,4
1294,3,14,1067859,2,3,1,4
1295,4,6,1509810,4,1,3,6
1296,11,16,2957536,0,4,1,6,5
1297,14,20,7053871,1,5,0
1298,6,16,4003747,5,1,3,2
1299,11,19,1530665,2,3,5,4,6
1300,9,15,9659538,6,4,2
1301,1,15,15536635,2,4,3,1
1302,6,13,2710420,6,4,3,1
1303,12,16,1490118,5,0,2
1304,6,16,21022180,6,5,1
1305,11,16,1719433,2,0,3,1
1306,10,15,3387190,6,2,5,3
1307,3,15,1440795,2,5,1,3,6
1308,14,16,1934551,3,6,0
1309,6,19,10185624,6,4,0,3,5,1
1310,1,7,3765065,3,5,4,2,0
1311,14,20,3499136,1,2,3,4,6
1312,14,16,1631183,3,2,4
1313,11,16,2483700,4,5,3,6,0,2
1314,15,16,1498346,5,1,0,6
1315,6,16,5501332,4,1,6,0,5,2
1316,10,19,5849629,0,4,5,1,6,3
1317,11,20,1170541,0,4,1,2,5,6
1318,6,15,3454630,1,0,3,5,6,2
1319,14,17,6732345,2,3,1,6,5,0
1320,11,17,1240944,3,2,4,0,1
1321,14,19,1850369,3,4,1,6,2,5
1322,12,15,995858,5,2,3,4,6,1
1323,6,16,21022180,6,5,1
1324,11,17,2061838,5,4,3,6
1325,6,16,2043172,3,5,6
1326,15,20,18742960,5,3,2,1
1327,10,15,166469809,2,3,6,1,4
1328,4,15,6299030,3,4,0
1329,11,12,3759260,0,1,5,6,2,4
1330,15,20,14910933,1,5,2,6,3,4
1331,9,14,1468262,0,5,4
1332,15,16,9028917,2,4,0,6,1
1333,14,15,6961711,0,6,1,3,2,5
1334,6,15,2623610,6,5,4,0
1335,7,14,874658,5,0,6,4
1336,9,16,818198,4,6,2,1,3,5
1337,11,16,4189120,3,1,2
1338,11,19,2496601,0,5,1
1339,9,15,4486788,4,6,5,0,2,3
1340,8,15,15951002,6,1,4
1341,6,13,1631169,5,4,6,2,3,1
1342,6,19,3864387,2,4,5
1343,6,13,4694434,4,3,0,6,2,1
1344,11,20,1170541,0,4,1,2,5,6
1345,1,15,10784277,4,3,1,2,5,0
1346,10,13,31740447,6,3,4,5
1347,14,16,1934551,3,6,0
1348,6,15,3454630,1,0,3,5,6,2
1349,3,15,6654199,2,1,4,5,0,6
1350,11,17,2061838,5,4,3,6
1351,14,17,4029393,3,0,2,6,5,1
1352,3,15,1919857,1,4,6,3,5
1353,15,17,6578460,0,3,4,5,6
1354,10,14,879888,3,0,1
1355,6,11,6038026,6,1,5,3
1356,15,17,6042414,2,5,1,6,3,0
1357,13,15,1617533,5,2,4
1358,12,14,1045590,6,4,0,3
1359,7,19,1621541,0,5,1,4,2
1360,13,15,5527630,2,6,4
1361,1,7,1328482,2,1,3,5,6
1362,11,13,1613326,6,2,1,5,0,3
1363,15,19,3978597,4,0,6,1
1364,4,15,6299030,3,4,0
1365,8,15,2662028,2,4,0,6,5
1366,6,16,4003747,5,1,3,2
1367,13,14,1138090,6,0,2,4
1368,6,15,8273765,6,3,0,4,1
1369,14,15,6863430,2,3,0,5
1370,15,19,5957353,5,4,3
1371,6,20,5663041,0,2,4,6,1
1372,6,20,1880071,4,0,5,3
1373,5,15,7797991,5,6,1,4
1374,11,14,1419307,4,6,3
1375,11,13,810817,4,1,5
