0,22,73,65194,6,1,4,2
1,63,30,596768,1,4,2,5,3,6
2,44,25,72997,1,6,0,5
3,44,36,142913,4,3,2
4,17,77,27298,0,4,1,5,6,3
5,64,61,37634,5,3,0,6,4
6,17,47,10974,1,5,3,6,2
7,17,10,31968,3,2,1,5
8,31,66,800000,4,5,2,6,0
9,2,39,10880,5,3,6,4,2
10,64,15,109086,1,0,4,2
11,36,37,19594,0,5,4,3
12,14,50,800000,4,0,1
13,6,50,800000,5,0,1,6
14,47,77,201726,1,5,6,4,2,0
15,44,73,57830,5,0,4,3,1,6
16,2,39,12214,3,1,2,4,6,0
17,73,25,47155,1,2,4,6
18,63,47,800000,0,6,4,3
19,0,77,115617,5,0,6
20,6,77,150196,6,3,1,0,2,5
21,44,37,68882,3,6,0,2
22,22,37,64441,5,0,6
23,31,77,190686,6,3,1,4,2,5
24,63,36,158580,6,1,0
25,2,77,216320,1,6,5,2,4
26,0,77,99325,1,5,4,2,6
27,64,39,43606,5,4,6,3,1,2
28,31,25,16269,6,1,0,5,4
29,47,30,800000,0,4,3,5,6,1
30,22,47,11440,3,6,5,2,1
31,42,25,24151,6,1,2,0,3
32,64,15,96651,3,5,1,6,4
33,17,47,10795,2,4,5
34,63,36,142964,4,6,1,2,3
35,2,50,800000,1,2,4,0,6
36,2,50,784779,4,5,0,6
37,2,73,10014,0,4,3,6
38,36,10,18682,2,5,1,6,0
39,2,25,11855,4,5,6
40,22,61,33278,0,2,6,4
41,37,15,69624,0,4,5,2
42,42,66,518343,5,6,0
43,42,61,800000,0,4,5,3,2
44,14,61,800000,6,2,5
45,42,50,580135,5,3,0
46,44,50,448932,4,0,2,5
47,22,61,36255,5,4,6
48,17,61,27693,1,5,3
49,44,61,800000,5,2,1
50,36,50,292906,3,4,0
51,64,36,15787,1,3,5,0,2
52,36,66,342844,6,4,2,1,5
53,41,50,800000,6,0,2
54,22,30,73106,0,6,4,5,3,2
55,42,47,800000,6,0,3,1,5,4
56,63,47,800000,0,6,4,3
57,2,36,165888,0,3,5,4,6,1
58,5,66,800000,2,4,5,6,1,3
59,2,61,800000,1,3,5,0
60,17,37,33768,2,6,3,0
61,64,37,58120,5,4,2,6,1,0
62,36,61,341730,5,4,2,0
63,17,30,31475,4,6,0,5
64,17,73,27801,6,5,3,2,0,1
65,36,50,292906,3,4,0
66,47,10,14967,0,5,3
67,73,47,12305,3,4,5
68,47,61,800000,5,1,4
69,31,39,17594,2,1,4,6,3,0
70,17,61,32837,5,1,4
71,22,37,67814,5,4,3,1,2
72,63,66,800000,0,5,3,1
73,44,36,111290,1,4,6,5,2
74,42,66,609283,6,3,0,4,2
75,42,37,25087,2,4,1
76,64,73,68780,2,4,5,3
77,5,66,800000,2,4,6,1,3,5
78,64,25,121222,4,0,2,5,3
79,12,47,337316,4,2,0,1
80,42,47,685306,0,2,4,3
81,41,61,800000,3,2,4,6
82,47,66,800000,5,3,1
83,37,30,61328,5,0,4,3,1,6
84,44,15,91332,3,5,1,0,2
85,22,25,69347,4,6,1
86,36,47,292922,0,6,1,5,2,3
87,64,30,101730,5,1,2,0,6,4
88,5,61,800000,4,6,1,2
89,73,47,12305,3,4,5
90,12,36,198383,1,6,3,4,5
91,31,47,800000,4,6,3,0
92,31,77,190686,6,3,1,4,2,5
93,6,30,611110,2,4,1,0
94,42,50,548683,3,4,2,1
95,12,47,358196,2,6,0,5
96,5,77,142844,3,0,4,1,2
97,2,39,10880,5,3,6,4,2
98,41,36,149617,1,5,2,3,4,6
99,37,25,63717,0,2,3,5,4,6
100,6,61,800000,4,2,3,5
101,47,39,14322,1,5,3,0,4
102,2,39,12214,3,1,2,4,6,0
103,17,30,31475,4,6,0,5
104,64,73,58027,2,0,4,6
105,44,15,98557,4,6,3,0
106,42,47,800000,6,0,3,1,5,4
107,6,36,110610,5,2,3
108,64,25,115583,5,6,4,1,0,2
109,22,47,11440,3,6,5,2,1
110,73,10,66135,2,0,6,4
111,0,61,462732,2,5,0,1,6,3
112,17,61,32350,5,1,3,6
113,41,61,800000,3,5,4,0
114,64,30,87849,6,3,0,1,5,4
115,73,30,62980,1,4,5,6
116,31,15,16438,6,2,1,4,0,5
117,36,66,278972,6,3,2
118,14,30,571543,4,0,1,5
119,37,10,67364,0,2,5,4,6
120,37,25,61843,5,2,1,6
121,63,50,800000,6,1,2,5,0
122,42,47,725992,3,0,4,1
123,6,30,611110,2,4,1,0
124,64,39,44018,6,3,4,1,0,2
125,64,77,20162,4,5,0,2,6,3
126,22,73,62903,0,5,3,4
127,22,61,36777,3,1,4,6,0,5
128,31,77,190686,6,3,1,4,2,5
129,17,73,30918,5,0,1
130,64,37,63599,5,4,0,1
131,5,36,131203,5,4,3,2,1,0
132,37,25,60350,5,3,1,0
133,36,50,292906,3,4,0
134,0,36,115446,5,2,3
135,12,47,318672,3,4,0,2,1,5
136,17,25,31470,6,2,5,3,4
137,44,39,48065,1,3,2,0
138,42,77,125627,0,1,5,4,2
139,73,10,65881,5,6,1,3,2,4
140,36,50,292906,3,4,0
141,64,25,121222,4,0,2,5,3
142,73,30,54538,6,0,1,5,3
143,73,30,62980,1,4,5,6
144,73,47,12305,3,4,5
145,17,39,32304,2,4,1,5,0
146,31,73,15620,0,4,6,2
147,41,77,113131,6,1,4
148,22,37,64441,5,0,6
149,63,50,800000,2,6,0,4,1
150,64,73,58027,2,0,4,6
151,64,39,44018,6,3,4,1,0,2
152,44,36,111290,1,4,6,5,2
153,64,73,74824,3,5,6
154,31,36,228966,6,3,0
155,17,25,32089,1,6,3
156,5,36,157434,1,6,2
157,31,30,800000,5,1,3,4,0
158,36,37,19942,0,4,2,3,5
159,5,30,396256,3,2,1,0,5,6
160,37,73,43720,0,2,4,1,5
161,31,25,16558,2,6,3,1
162,37,73,47366,6,5,2
163,47,39,14322,1,5,3,0,4
164,2,37,10705,3,4,2
165,31,77,242834,2,3,6,5
166,2,77,189466,1,6,4,5,2
167,31,37,16034,1,5,6,0
168,0,30,292608,4,3,6,5
169,44,73,57830,5,0,4,3,1,6
170,42,10,27509,3,4,5
171,42,61,800000,2,5,3,4,0,6
172,41,30,417693,5,6,1,0,2,3
173,73,25,52592,5,0,3,6
174,14,47,800000,6,0,2,3
175,2,10,10501,4,1,0,3,6,5
176,64,25,124930,2,5,3
177,44,30,800000,3,1,0,2
178,12,50,316592,5,2,3,1,6
179,0,47,472836,5,2,1,0
180,47,73,13681,6,5,3,0,1,2
181,73,30,60595,4,1,0,6
182,17,61,32837,5,1,4
183,14,47,800000,1,4,3,5
184,36,37,18213,0,6,4,1
185,2,50,800000,1,2,4,0,6
186,41,47,800000,0,4,5,1
187,47,50,800000,4,5,6,0,1,2
188,17,25,32798,0,2,3,6,4,1
189,36,47,315955,3,4,0,6
190,14,36,134335,1,2,4,0,5
191,31,77,236120,3,0,2
192,5,47,800000,5,4,1,0
193,6,30,650211,1,5,2,4,0,3
194,22,25,78199,6,4,1,0,2,5
195,31,73,14317,0,3,5,6,1
196,12,30,296899,4,5,6,2,3,0
197,44,10,99240,5,0,4,6,1,3
198,12,61,293361,0,3,2,4
199,31,36,204731,5,6,2
200,36,37,19942,0,4,2,3,5
201,17,39,35458,2,1,3
202,17,10,31968,3,2,1,5
203,47,77,200679,6,0,5,4
204,47,10,14281,0,4,1,6
205,5,50,800000,6,3,2,4,1,0
206,42,47,786328,3,2,1,0
207,47,10,14967,0,5,3
208,5,36,131203,5,4,3,2,1,0
209,42,37,27866,0,3,6,1,4
210,17,15,27926,2,0,6
211,31,25,15007,0,4,2,3,5,1
212,2,10,11230,4,3,6,2,1,0
213,37,15,69624,0,4,5,2
214,31,10,17254,2,1,3,0,5,6
215,36,66,323026,4,2,3,0
216,31,30,800000,2,5,0,4
217,47,77,201726,1,5,6,4,2,0
218,63,61,800000,6,1,2
219,12,61,293361,0,3,2,4
220,44,15,98557,4,6,3,0
221,42,10,26763,5,1,2,6,3
222,14,50,800000,4,5,3,2,1
223,36,47,259337,1,4,6,3
224,73,37,47189,2,4,1,3
225,36,47,292922,0,6,1,5,2,3
226,42,10,27509,3,4,5
227,47,66,800000,5,3,1
228,36,61,351499,0,3,2,6,1,4
229,17,73,30918,5,0,1
230,44,25,89227,0,5,2,1,6,4
231,6,66,800000,6,0,4,3
232,22,73,54499,5,1,6,4,2,3
233,31,25,15007,0,4,2,3,5,1
234,12,50,239588,4,2,0,5,1,6
235,12,61,327048,1,0,6,5,2,3
236,42,66,578598,4,1,5,0
237,73,10,65881,5,6,1,3,2,4
238,17,77,24038,3,2,6,0,4
239,17,37,33768,2,6,3,0
240,5,61,800000,4,6,1,2
241,12,66,238266,5,3,4
242,73,77,20017,3,6,4,1,5
243,0,77,100494,4,0,5,2
244,41,47,800000,6,4,5
245,2,61,800000,0,5,2,1,6
246,14,30,505463,4,1,3,2,0
247,14,77,152921,4,3,2,0
248,63,66,800000,5,2,1,0,4
249,5,47,800000,5,4,1,0
250,64,15,101721,6,4,0,3,1
251,14,36,134335,1,2,4,0,5
252,73,39,37890,0,6,2,4,1,5
253,42,77,117599,0,1,2,4,6,3
254,17,37,33768,2,6,3,0
255,44,25,76286,1,6,4,2
256,41,30,359014,5,3,6
257,41,77,134641,4,0,5,6
258,14,30,334764,4,1,5,6,3
259,6,30,611110,2,4,1,0
260,64,10,103520,3,5,6,2,0,1
261,44,47,771525,1,4,0
262,5,61,800000,2,5,6,0
263,37,30,56380,1,4,3,5
264,31,66,800000,1,4,6,0
265,64,61,42464,0,2,1,4
266,2,25,12391,1,5,3,0,4
267,31,39,16600,0,2,5
268,42,39,31738,6,1,0,5
269,2,36,199403,1,2,6,5,4,3
270,63,47,800000,0,6,4,3
271,42,61,800000,4,1,5,0
272,22,15,66117,2,4,0,3
273,5,77,142844,3,0,4,1,2
274,17,36,17848,2,6,0,4
275,0,47,339963,2,0,5
276,12,30,258301,3,4,2,6,1,0
277,5,36,126479,6,3,2
278,44,37,68882,3,6,0,2
279,14,66,800000,2,0,6
280,37,10,53917,5,4,6,0,1
281,44,61,800000,5,2,1
282,64,15,109086,1,0,4,2
283,17,10,31968,3,2,1,5
284,14,47,800000,6,0,2,3
285,0,61,474189,6,0,3,4,1
286,2,30,800000,4,2,1,6
287,64,15,101721,6,4,0,3,1
288,37,36,17150,0,6,4,3
289,17,47,10795,2,4,5
290,63,50,800000,5,2,0,6,1,4
291,37,77,25143,6,3,0,4,2,1
292,42,25,27719,1,6,2
293,42,36,116869,4,5,1,6,0
294,73,30,60412,3,6,4,2
295,44,10,99240,5,0,4,6,1,3
296,14,36,144454,4,5,1,2
297,41,66,800000,2,0,3,6,1
298,42,66,518343,5,6,0
299,5,36,126479,6,3,2
300,47,73,11849,1,3,5,0,2
301,64,10,92554,5,0,2,3,4
302,41,30,417693,5,6,1,0,2,3
303,36,73,18325,2,3,6,1
304,73,77,22969,0,5,6
305,5,61,800000,5,6,0,3,1,2
306,22,36,22766,0,3,5,1
307,73,37,47189,2,4,1,3
308,64,47,11452,1,3,2,4,0,6
309,31,73,17123,3,5,4,6
310,47,61,800000,3,6,5,2,4
311,14,47,800000,6,0,2,3
312,64,30,105344,0,4,2,6,5,3
313,63,61,800000,6,1,2
314,31,50,800000,1,3,0,6,4
315,37,39,42992,0,5,4
316,63,77,171211,1,5,2,4,6,0
317,0,47,472836,5,2,1,0
318,5,47,800000,1,3,2,5,0,4
319,6,47,800000,2,0,4,5
320,14,50,800000,4,0,1
321,44,77,123358,0,4,3,2
322,37,47,11310,5,6,0,4
323,64,37,62577,6,3,5,0,2,4
324,63,50,800000,6,1,2,5,0
325,63,30,596768,1,4,2,5,3,6
326,47,15,12916,5,1,6,4,3,2
327,73,36,15050,4,0,2,6,5
328,14,36,134335,1,2,4,0,5
329,22,37,67814,5,4,3,1,2
330,37,15,47451,0,5,6,4,3
331,44,73,53489,5,2,4
332,31,50,800000,3,1,4
333,12,30,258301,3,4,2,6,1,0
334,12,25,10911,6,2,4
335,2,36,207550,4,1,5,6,2
336,0,66,356873,5,6,0
337,64,39,43606,5,4,6,3,1,2
338,0,77,100494,4,0,5,2
339,73,37,48982,6,5,0,4,1,3
340,0,77,99325,1,5,4,2,6
341,2,15,11423,4,2,1,0,6
342,64,39,39765,6,4,0
343,37,36,18817,1,6,3,4,5
344,2,50,800000,2,4,5,6,3
345,0,66,356873,5,6,0
346,36,50,292906,3,4,0
347,63,30,589422,6,1,2,4,5
348,17,37,31858,0,6,2,1,3,5
349,42,47,725992,3,0,4,1
350,2,50,800000,6,2,5,4
351,44,10,102826,4,2,5,3,6
352,22,39,43270,4,6,3,0,5,1
353,42,10,27509,3,4,5
354,31,50,800000,2,6,1
355,73,36,16833,2,5,3,6
356,37,30,56380,1,4,3,5
357,6,66,800000,6,0,4,3
358,17,39,35458,2,1,3
359,36,61,341730,5,4,2,0
360,36,73,18325,2,3,6,1
361,31,47,800000,4,6,3,0
362,64,37,58120,5,4,2,6,1,0
363,47,50,800000,3,2,6,5,0
364,14,61,800000,3,4,1,2,5,0
365,44,37,66747,1,4,0,6,2,5
366,44,77,123358,0,4,3,2
367,36,77,210735,1,4,0
368,73,61,35070,5,4,1,6,3,0
369,12,25,10911,6,2,4
370,73,15,46879,0,2,6
371,12,30,188585,4,1,6,0
372,64,37,69748,0,1,6
373,37,61,34228,4,0,1,5,6
374,44,39,48065,1,3,2,0
375,73,39,42487,1,2,5,3,4,6
376,14,61,800000,6,2,5
377,44,73,55010,4,0,1,5
378,44,61,800000,2,1,5,6,3
379,22,10,86168,2,4,1
380,47,39,13928,5,3,1,0,4,2
381,44,61,800000,4,2,6,1,5,0
382,6,61,800000,0,2,5
383,41,77,113131,6,1,4
384,0,47,384097,3,4,6,2
385,42,36,112643,6,3,1,4
386,5,30,405805,2,3,4
387,37,73,47366,6,5,2
388,36,47,354719,4,1,6,2,3,5
389,0,77,99325,1,5,4,2,6
390,36,61,351499,0,3,2,6,1,4
391,42,36,116869,4,5,1,6,0
392,73,39,37966,6,5,1,4,0,3
393,6,77,141731,1,2,0,5,4
394,73,30,54538,6,0,1,5,3
395,42,25,28435,5,3,6,2,1
396,17,77,27298,0,4,1,5,6,3
397,44,73,57830,5,0,4,3,1,6
398,22,77,21275,6,3,2,0,4
399,31,15,16340,1,2,6,3
400,14,66,800000,2,0,5
401,42,30,800000,0,2,4,5,3,1
402,12,30,243568,0,4,1,5,2,6
403,22,15,81468,1,3,0,4,6,5
404,42,73,23060,6,4,3,2,5,1
405,47,66,800000,0,6,4,3,2
406,2,66,800000,0,2,5,4
407,37,25,63717,0,2,3,5,4,6
408,6,66,800000,4,1,6,2,0
409,44,61,800000,4,2,5,1,3
410,64,10,103520,3,5,6,2,0,1
411,6,61,800000,0,2,6,1,4
412,22,25,73779,1,0,5,4,2
413,5,30,405805,2,3,4
414,22,47,10955,5,0,4,1
415,2,36,154258,6,4,2,5,1,3
416,5,30,396256,3,2,1,0,5,6
417,14,61,800000,6,2,5
418,73,30,60412,3,6,4,2
419,64,10,96867,3,4,6,5,2,1
420,64,10,103520,3,5,6,2,0,1
421,0,66,466471,2,1,4,5,6,0
422,2,25,11819,2,4,6,5,1
423,17,77,24294,3,6,1,2,0,4
424,0,66,460691,1,4,5,3,2,6
425,64,30,105276,0,2,4,5,6
426,42,47,800000,6,0,3,1,5,4
427,0,36,111587,0,3,2
428,41,47,800000,4,0,2,6
429,36,10,20074,3,4,5,2
430,0,50,453425,6,2,3,0
431,17,39,31205,5,4,2
432,42,30,800000,5,6,3
433,37,73,43720,0,2,4,1,5
434,47,77,201726,1,5,6,4,2,0
435,31,15,16712,1,3,6,4,2
436,42,30,800000,1,6,4,5,0
437,37,39,41153,4,0,3
438,44,47,800000,2,5,0,1
439,5,50,800000,6,3,2,4,1,0
440,41,77,108942,0,3,6,1,5
441,37,36,17150,0,6,4,3
442,44,37,81950,4,1,3,5,6
443,63,77,164051,6,5,3
444,64,61,36303,2,6,0,5
445,42,37,27866,0,3,6,1,4
446,2,10,10501,4,1,0,3,6,5
447,63,61,800000,0,4,5,3,6,1
448,36,30,230780,4,3,2,0,5
449,73,10,65881,5,6,1,3,2,4
450,22,77,21555,0,1,5,4,6
451,64,73,74824,3,5,6
452,0,47,339963,2,0,5
453,44,30,800000,5,3,2,4,1,0
454,36,50,279047,2,5,3,6,4,0
455,0,66,466471,2,1,4,5,6,0
456,2,50,800000,6,2,5,4
457,47,61,800000,1,5,6,4,3,0
458,44,15,75861,1,0,5
459,44,50,448932,4,0,2,5
460,14,36,117014,0,1,4,6
461,2,50,800000,1,2,4,0,6
462,44,36,129719,1,6,4,5
463,5,50,800000,1,0,5
464,36,47,292922,0,6,1,5,2,3
465,44,39,41461,4,6,0,1,3,2
466,37,61,33643,6,4,0,1,5
467,63,30,596768,1,4,2,5,3,6
468,47,77,201726,1,5,6,4,2,0
469,36,39,19594,6,5,2,4,1
470,44,50,377061,5,6,0,2
471,42,36,96771,0,4,6,1,3,5
472,64,77,23709,1,2,5,4,3,0
473,64,10,96867,3,4,6,5,2,1
474,31,15,16340,1,2,6,3
475,31,10,17261,3,6,1,5,2,4
476,47,37,13910,2,1,3,6,5
477,2,10,10501,4,1,0,3,6,5
478,6,30,650211,1,5,2,4,0,3
479,63,66,800000,0,5,3,1
480,6,30,578147,3,2,5,4,0
481,0,50,453425,6,2,3,0
482,37,39,41750,6,3,0,4,2,1
483,37,10,64895,6,0,1,2,3
484,42,47,725992,3,0,4,1
485,12,50,316592,5,2,3,1,6
486,41,66,800000,6,0,4,1
487,44,61,800000,4,2,5,1,3
488,37,10,65018,1,4,0,2,3,5
489,17,36,22330,6,1,5,0,4,2
490,47,77,201726,1,5,6,4,2,0
491,47,10,14967,0,5,3
492,44,61,800000,4,2,6,1,5,0
493,6,47,800000,5,0,4
494,36,37,18213,0,6,4,1
495,44,50,350240,6,2,3
496,14,47,800000,4,6,1,0,3,5
497,37,36,17514,4,3,6,1,0,2
498,6,30,800000,4,3,1,2,5,6
499,47,30,800000,3,4,6,1,5,2
500,2,36,165888,0,3,5,4,6,1
501,2,66,800000,1,0,3,4,6,5
502,12,25,10911,6,2,4
503,42,10,26763,5,1,2,6,3
504,37,73,47366,6,5,2
505,41,61,800000,3,5,4,0
506,44,10,99240,5,0,4,6,1,3
507,42,25,24151,6,1,2,0,3
508,14,66,800000,2,0,6
509,6,66,800000,6,0,4,3
510,73,36,16833,2,5,3,6
511,42,15,26665,4,1,2,6,5
512,22,77,21558,4,2,6,5,0
513,37,25,63717,0,2,3,5,4,6
514,14,66,800000,6,0,2,5,4
515,44,50,350240,6,2,3
516,36,50,292906,3,4,0
517,73,39,42487,1,2,5,3,4,6
518,31,15,16712,1,3,6,4,2
519,41,36,125975,0,5,2,4,1,3
520,14,30,290887,6,5,0,1,2
521,37,10,64895,6,0,1,2,3
522,64,37,63599,5,4,0,1
523,5,77,143537,1,2,5,4
524,37,47,11895,2,6,0,3,4
525,41,36,149617,1,5,2,3,4,6
526,63,47,800000,0,6,4,3
527,64,36,17251,0,1,6,2,3,5
528,36,25,17972,4,0,5
529,22,73,58494,6,2,4,3,1
530,0,47,472836,5,2,1,0
531,0,47,472836,5,2,1,0
532,41,47,800000,4,0,2,6
533,17,47,10974,1,5,3,6,2
534,64,10,103520,3,5,6,2,0,1
535,42,77,117599,0,1,2,4,6,3
536,2,15,10779,4,0,2,1,3,5
537,63,66,800000,3,6,0,2
538,47,30,800000,0,2,1,6
539,14,36,144454,4,5,1,2
540,17,10,30206,2,4,5,0
541,6,30,650211,1,5,2,4,0,3
542,0,66,460691,1,4,5,3,2,6
543,63,36,158580,6,1,0
544,22,25,82332,6,4,2
545,12,50,250488,1,6,4
546,64,77,20162,4,5,0,2,6,3
547,64,30,101730,5,1,2,0,6,4
548,47,10,13452,0,1,2
549,22,77,23078,3,4,0
550,41,66,800000,6,1,2,0
551,31,37,14965,5,4,1
552,0,61,473732,3,2,1,6,5
553,37,39,42992,0,5,4
554,5,77,143537,1,2,5,4
555,2,25,11855,4,5,6
556,44,47,540115,5,0,3,2,1
557,41,47,800000,4,0,2,6
558,0,47,339963,2,0,5
559,14,66,800000,2,0,5
560,17,37,27117,5,4,6
561,31,15,15721,3,5,0,6,2,4
562,63,47,800000,5,2,1
563,31,15,16438,6,2,1,4,0,5
564,17,39,35430,6,3,0,5,1,4
565,41,66,800000,0,5,2,3,6,4
566,31,10,17254,2,1,3,0,5,6
567,36,66,342844,6,4,2,1,5
568,64,47,11867,2,3,5,4,6
569,2,66,800000,2,0,1,6,3,4
570,41,50,800000,4,5,3,2,6
571,42,15,27083,2,3,1
572,47,37,12219,6,0,3,2,5,4
573,22,39,45578,2,3,1,0
574,64,37,69748,0,1,6
575,36,73,17138,2,5,6,0,3,1
576,31,47,800000,2,4,6,3
577,36,25,17972,4,0,5
578,42,73,26334,3,5,0
579,42,30,800000,1,6,4,5,0
580,47,30,800000,3,4,6,1,5,2
581,12,25,10911,6,2,4
582,41,66,800000,6,0,4,1
583,36,30,230780,4,3,2,0,5
584,0,61,462732,2,5,0,1,6,3
585,41,47,800000,6,4,5
586,22,39,43270,4,6,3,0,5,1
587,14,50,800000,4,5,3,2,1
588,64,47,11867,2,3,5,4,6
589,0,77,115617,5,0,6
590,22,77,23078,3,4,0
591,17,47,10974,1,5,3,6,2
592,37,15,57407,5,3,4,2,1
593,73,39,37966,6,5,1,4,0,3
594,17,37,31858,0,6,2,1,3,5
595,6,61,800000,4,1,2,0
596,14,77,152921,4,3,2,0
597,42,37,23389,2,6,0
598,44,77,111240,0,1,6
599,36,10,18682,2,5,1,6,0
600,31,47,800000,2,4,6,3
601,44,37,81950,4,1,3,5,6
602,41,50,800000,0,3,5,1,6,4
603,14,36,108880,6,1,4
604,36,10,18682,2,5,1,6,0
605,5,50,800000,5,6,2,1,4
606,73,77,21666,3,5,6,2,4
607,12,50,253592,2,6,1,4,5,0
608,2,61,800000,3,4,1,2,6
609,22,36,22766,0,3,5,1
610,64,73,74824,3,5,6
611,73,39,37966,6,5,1,4,0,3
612,2,73,10014,0,4,3,6
613,31,61,800000,3,6,0,2
614,44,36,129719,1,6,4,5
615,47,50,800000,3,2,6,5,0
616,41,66,800000,6,1,2,0
617,2,10,11259,4,2,6
618,14,47,800000,2,6,1,5,3,4
619,37,73,52394,3,4,1,2,6,5
620,64,47,11452,1,3,2,4,0,6
621,0,47,396719,2,4,1,5,0
622,5,61,800000,5,6,0,3,1,2
623,5,36,126479,6,3,2
624,44,61,800000,2,1,5,6,3
625,47,66,800000,2,1,4
626,42,15,27964,0,6,3
627,2,15,10551,6,3,1,2,0
628,37,39,41750,6,3,0,4,2,1
629,31,47,800000,4,0,3
630,44,36,142913,4,3,2
631,37,77,21619,1,4,5,6,2,0
632,31,15,16438,6,2,1,4,0,5
633,42,30,800000,5,6,3
634,44,77,125892,3,5,4,6,2
635,5,47,800000,5,4,1,0
636,14,77,133233,6,1,3
637,44,10,89962,3,2,6,5
638,2,61,800000,1,2,6
639,6,61,800000,0,2,6,1,4
640,17,47,10795,2,4,5
641,44,15,98557,4,6,3,0
642,31,37,15666,2,3,5,1,4,0
643,22,10,84701,4,0,6,3,1,2
644,31,25,16269,6,1,0,5,4
645,73,15,50111,2,4,1,6
646,31,37,15666,2,3,5,1,4,0
647,31,73,14342,0,1,2,4,5
648,73,37,48982,6,5,0,4,1,3
649,37,25,60350,5,3,1,0
650,44,73,57830,5,0,4,3,1,6
651,12,36,147755,0,3,1,2,5
652,47,66,800000,5,3,1
653,2,39,10690,0,2,4
654,17,73,27186,3,0,6
655,47,36,218186,1,2,0,5,6
656,17,30,42246,1,5,2,0
657,44,36,124561,6,5,2
658,14,47,800000,6,0,2,3
659,44,36,129719,1,6,4,5
660,63,77,123788,6,5,4,3,2
661,17,47,10974,1,5,3,6,2
662,6,30,578147,3,2,5,4,0
663,0,77,100494,4,0,5,2
664,73,10,53751,3,2,0,6,4,5
665,47,77,204079,2,4,1,0,6
666,2,15,10779,4,0,2,1,3,5
667,37,61,34432,5,1,3
668,17,47,11605,5,4,6
669,37,15,69624,0,4,5,2
670,47,61,800000,5,1,4
671,31,10,17157,3,1,0,6,2
672,36,37,18213,0,6,4,1
673,2,61,800000,3,4,1,2,6
674,0,50,380887,1,0,2
675,17,73,27801,6,5,3,2,0,1
676,2,73,10014,0,4,3,6
677,22,25,78199,6,4,1,0,2,5
678,64,36,18250,1,6,0,4,5,3
679,5,50,800000,1,6,2
680,2,37,11242,5,4,2
681,47,10,12844,0,6,1,2,3
682,37,73,43148,6,3,5,0,4,1
683,22,61,36304,6,5,4,3
684,36,37,18213,0,6,4,1
685,12,66,238266,5,3,4
686,44,61,800000,2,1,5,6,3
687,64,36,16270,3,5,2
688,2,25,11855,4,5,6
689,42,77,125627,0,1,5,4,2
690,36,47,259337,1,4,6,3
691,2,10,11259,4,2,6
692,37,39,41750,6,3,0,4,2,1
693,31,66,800000,1,4,6,0
694,73,15,50111,2,4,1,6
695,63,30,800000,2,4,1,5
696,44,47,771525,1,4,0
697,22,36,22766,0,3,5,1
698,36,77,210735,1,4,0
699,64,73,68780,2,4,5,3
700,47,25,12778,2,6,1,5
701,36,50,250222,6,5,3,1
702,73,61,35070,5,4,1,6,3,0
703,6,61,800000,0,2,6,1,4
704,73,39,37966,6,5,1,4,0,3
705,22,73,54499,5,1,6,4,2,3
706,63,77,171211,1,5,2,4,6,0
707,44,47,800000,5,3,0,6
708,12,77,165426,3,4,0,5,1,6
709,73,47,12266,4,0,2
710,5,30,396256,3,2,1,0,5,6
711,2,25,11855,4,5,6
712,44,73,57763,0,2,3,4,6,5
713,47,36,169509,4,5,0,6,3
714,41,66,800000,6,1,2,0
715,36,39,19311,1,5,6,3,2
716,47,25,14122,1,4,3,6,5,2
717,12,36,147755,0,3,1,2,5
718,31,39,17589,0,1,4,2
719,5,36,157434,1,6,2
720,44,73,55010,4,0,1,5
721,14,61,800000,6,1,0,2
722,44,73,57763,0,2,3,4,6,5
723,36,73,17138,2,5,6,0,3,1
724,22,37,60419,0,2,5,4,6,3
725,36,39,19311,1,5,6,3,2
726,17,77,24038,3,2,6,0,4
727,63,50,800000,5,3,6,1,4
728,31,39,16114,3,5,6,0,1,4
729,0,36,107604,1,2,6,5,0
730,2,10,10501,4,1,0,3,6,5
731,44,50,448932,4,0,2,5
732,47,77,203525,2,3,4,1,0
733,17,10,28560,0,3,5,2,6,4
734,41,50,800000,6,0,2
735,44,47,800000,5,3,0,6
736,31,73,17123,3,5,4,6
737,17,15,29586,0,5,1,6
738,44,15,93963,3,4,1
739,47,25,13080,2,3,1,0,5,6
740,63,77,123788,6,5,4,3,2
741,31,25,15007,0,4,2,3,5,1
742,42,73,25340,5,3,4,2
743,44,73,55010,4,0,1,5
744,73,36,18516,2,3,1,5,0,6
745,17,37,27117,5,4,6
746,73,77,22969,0,5,6
747,41,66,800000,6,1,2,0
748,42,73,26334,3,5,0
749,2,36,154258,6,4,2,5,1,3
750,42,39,31738,6,1,0,5
751,2,37,10218,3,1,5,0
752,44,36,124561,6,5,2
753,63,50,800000,2,6,0,4,1
754,36,37,18213,0,6,4,1
755,63,36,155914,0,3,4,1,2,5
756,2,47,800000,0,4,5,1,2
757,73,39,37890,0,6,2,4,1,5
758,17,10,28560,0,3,5,2,6,4
759,17,30,34957,1,2,4,0,5
760,6,47,800000,5,6,3,1,4
761,12,66,289266,1,5,0
762,12,61,221044,3,1,0,6,5
763,0,77,100494,4,0,5,2
764,0,36,115446,5,2,3
765,42,39,23459,5,3,6,0,4,2
766,5,66,800000,2,4,6,1,3,5
767,64,25,100378,1,0,2,4
768,41,61,800000,4,5,1,0,3
769,31,61,800000,3,6,0,2
770,6,61,800000,4,2,3,5
771,63,66,800000,0,5,3,1
772,44,15,91332,3,5,1,0,2
773,2,30,657146,0,2,1,6,5,4
774,31,15,16340,1,2,6,3
775,42,36,116869,4,5,1,6,0
776,17,61,32837,5,1,4
777,42,50,548683,3,4,2,1
778,17,15,26010,4,2,5,1
779,37,39,45382,2,0,5,3,4
780,44,73,57763,0,2,3,4,6,5
781,17,61,27693,1,5,3
782,36,73,19700,3,0,1,5,2
783,17,39,32304,2,4,1,5,0
784,63,66,800000,5,2,1,0,4
785,17,47,11605,5,4,6
786,17,36,19982,4,3,0,6,1,5
787,44,10,89962,3,2,6,5
788,12,66,286493,2,6,1,0
789,44,36,129719,1,6,4,5
790,2,10,11259,4,2,6
791,41,66,800000,6,1,2,0
792,17,61,32073,5,4,2,3,0,6
793,36,73,19700,3,0,1,5,2
794,22,15,66117,2,4,0,3
795,17,47,10974,1,5,3,6,2
796,17,15,29586,0,5,1,6
797,36,50,279047,2,5,3,6,4,0
798,6,36,135967,6,4,3
799,42,25,32234,4,5,0,6,3,1
800,37,30,56380,1,4,3,5
801,22,77,21558,4,2,6,5,0
802,22,61,33278,0,2,6,4
803,47,66,800000,5,3,1
804,14,61,800000,2,1,5,4,3,0
805,5,77,138257,1,0,5,6,4,3
806,0,47,339963,2,0,5
807,41,61,800000,3,5,4,0
808,36,50,342200,5,6,2,3,1
809,37,47,11029,3,0,1,2
810,6,50,800000,0,1,2
811,6,47,800000,2,0,4,5
812,73,15,45923,3,2,1
813,44,50,350240,6,2,3
814,31,15,16712,1,3,6,4,2
815,37,77,23807,1,4,6,3,2
816,36,10,22756,0,6,4,2,3,1
817,44,47,540115,5,0,3,2,1
818,64,15,96651,3,5,1,6,4
819,73,61,38440,6,4,5,3
820,31,37,14175,6,0,1,2,5
821,44,66,687004,6,0,1
822,2,25,11819,2,4,6,5,1
823,42,61,800000,0,4,5
824,2,10,11230,4,3,6,2,1,0
825,31,66,800000,1,4,6,0
826,42,47,685306,0,2,4,3
827,22,36,24978,1,2,6
828,17,77,24038,3,2,6,0,4
829,73,25,52592,5,0,3,6
830,47,25,12778,2,6,1,5
831,31,10,17261,3,6,1,5,2,4
832,14,77,133233,6,1,3
833,64,10,96867,3,4,6,5,2,1
834,44,39,39747,2,0,6,1,4
835,36,61,321280,1,4,6
836,37,39,41153,4,0,3
837,12,61,327048,1,0,6,5,2,3
838,42,39,23459,5,3,6,0,4,2
839,12,66,286493,2,6,1,0
840,17,10,30206,2,4,5,0
841,44,25,72997,1,6,0,5
842,44,30,800000,3,1,0,2
843,17,10,28561,1,3,4,2
844,37,73,52394,3,4,1,2,6,5
845,37,73,52394,3,4,1,2,6,5
846,17,36,22330,6,1,5,0,4,2
847,44,25,76286,1,6,4,2
848,2,73,10147,4,6,0,5
849,0,36,115446,5,2,3
850,17,36,22330,6,1,5,0,4,2
851,44,10,99240,5,0,4,6,1,3
852,73,77,21666,3,5,6,2,4
853,47,66,800000,0,6,4,3,2
854,22,37,64441,5,0,6
855,36,10,22756,0,6,4,2,3,1
856,44,73,57830,5,0,4,3,1,6
857,17,25,30025,2,3,4,0
858,41,66,800000,6,1,2,0
859,73,25,52592,5,0,3,6
860,47,15,12916,5,1,6,4,3,2
861,42,50,580135,5,3,0
862,2,47,800000,0,4,5,1,2
863,6,36,135967,6,4,3
864,12,66,251310,6,1,0
865,22,25,73779,1,0,5,4,2
866,41,50,800000,4,5,3,2,6
867,36,15,16878,3,6,0,5,4,1
868,37,15,57407,5,3,4,2,1
869,47,73,11849,1,3,5,0,2
870,0,50,380887,1,0,2
871,42,37,25087,2,4,1
872,42,25,32234,4,5,0,6,3,1
873,12,30,296899,4,5,6,2,3,0
874,64,37,63599,5,4,0,1
875,73,10,44398,1,4,6,2
876,6,30,611110,2,4,1,0
877,37,73,52394,3,4,1,2,6,5
878,0,66,466471,2,1,4,5,6,0
879,64,10,99246,0,1,3,6,2,5
880,22,73,58494,6,2,4,3,1
881,5,30,564563,6,4,1,0,2,3
882,37,36,17150,0,6,4,3
883,0,77,115617,5,0,6
884,47,30,563255,2,4,1
885,31,39,16600,0,2,5
886,2,37,10218,3,1,5,0
887,17,30,34957,1,2,4,0,5
888,22,61,33278,0,2,6,4
889,63,36,142964,4,6,1,2,3
890,14,61,800000,6,1,0,2
891,12,66,286493,2,6,1,0
892,14,47,800000,2,6,1,5,3,4
893,42,39,25214,6,0,3,5
894,6,47,800000,2,0,4,5
895,36,37,19594,0,5,4,3
896,64,37,62577,6,3,5,0,2,4
897,6,61,800000,4,1,2,0
898,44,25,76286,1,6,4,2
899,22,39,41863,0,2,4,1
900,22,47,13429,4,0,6,5,2
901,5,47,800000,4,0,1,2,3,5
902,17,77,24438,2,0,1,5,6,4
903,73,77,23710,4,3,6
904,41,30,435496,6,5,3,1
905,5,61,800000,4,6,1,2
906,17,39,35458,2,1,3
907,2,77,229981,0,3,5
908,36,15,18455,5,6,4,0,3
909,22,25,78199,6,4,1,0,2,5
910,64,39,44018,6,3,4,1,0,2
911,42,10,26763,5,1,2,6,3
912,73,30,62980,1,4,5,6
913,63,61,800000,6,1,2
914,64,10,99246,0,1,3,6,2,5
915,63,66,800000,5,2,1,0,4
916,14,66,800000,2,0,5
917,36,77,234209,2,5,0
918,44,61,800000,4,2,5,1,3
919,36,39,20167,6,5,4,3
920,41,77,125896,3,1,5
921,0,47,339963,2,0,5
922,2,37,10705,3,4,2
923,44,10,102826,4,2,5,3,6
924,2,47,800000,1,2,4,0,5,6
925,2,66,800000,2,0,1,6,3,4
926,44,73,53489,5,2,4
927,6,50,800000,1,3,5
928,0,77,100494,4,0,5,2
929,0,66,420282,6,1,0,3
930,44,77,105052,4,1,0,2,3,6
931,31,39,17594,2,1,4,6,3,0
932,2,15,11423,4,2,1,0,6
933,17,37,27117,5,4,6
934,36,37,21058,3,1,5,6
935,31,25,15007,0,4,2,3,5,1
936,31,10,17254,2,1,3,0,5,6
937,47,10,13452,0,1,2
938,17,61,27693,1,5,3
939,2,50,800000,2,4,5,6,3
940,64,37,69748,0,1,6
941,6,30,650211,1,5,2,4,0,3
942,6,61,800000,0,2,6,1,4
943,37,47,11310,5,6,0,4
944,2,73,10014,0,4,3,6
945,42,73,25335,0,5,4
946,36,37,19594,0,5,4,3
947,0,30,292608,4,3,6,5
948,47,30,563255,2,4,1
949,63,36,145434,0,3,1
950,22,15,81468,1,3,0,4,6,5
951,64,73,74824,3,5,6
952,37,25,61843,5,2,1,6
953,44,39,47881,2,4,1
954,5,77,143537,1,2,5,4
955,44,47,800000,5,3,0,6
956,37,73,43148,6,3,5,0,4,1
957,42,50,548683,3,4,2,1
958,44,36,142913,4,3,2
959,41,61,800000,3,2,4,6
960,2,47,800000,3,4,5,6,2,0
961,2,36,165888,0,3,5,4,6,1
962,44,47,771525,1,4,0
963,17,30,34957,1,2,4,0,5
964,5,66,800000,2,4,5,6,1,3
965,36,61,341730,5,4,2,0
966,44,77,105052,4,1,0,2,3,6
967,44,61,800000,5,2,1
968,5,50,800000,1,0,5
969,2,61,800000,0,5,2,1,6
970,12,25,10911,6,2,4
971,44,66,535819,4,1,2,0,5,6
972,5,36,126479,6,3,2
973,64,61,37634,5,3,0,6,4
974,36,61,341730,5,4,2,0
975,22,15,81649,3,2,6,1,0,5
976,44,66,439864,4,3,1,5,2,0
977,17,15,26010,4,2,5,1
978,64,10,99246,0,1,3,6,2,5
979,64,47,11867,2,3,5,4,6
980,64,10,103520,3,5,6,2,0,1
981,64,39,43606,5,4,6,3,1,2
982,14,50,800000,4,5,3,2,1
983,36,15,18313,1,4,5,2,6
984,22,36,22766,0,3,5,1
985,2,10,11259,4,2,6
986,42,50,416721,1,2,3
987,44,10,99240,5,0,4,6,1,3
988,17,30,34957,1,2,4,0,5
989,2,50,784779,4,5,0,6
990,6,61,800000,0,2,6,1,4
991,44,61,800000,4,2,6,1,5,0
992,42,25,24151,6,1,2,0,3
993,17,77,24038,3,2,6,0,4
994,63,30,555617,3,5,2,4,1
995,6,36,135967,6,4,3
996,12,25,10911,6,2,4
997,17,10,28561,1,3,4,2
998,6,30,611110,2,4,1,0
999,63,30,555617,3,5,2,4,1
1000,42,15,27083,2,3,1
1001,44,77,111240,0,1,6
1002,64,10,92554,5,0,2,3,4
1003,0,66,356873,5,6,0
1004,42,47,685306,0,2,4,3
1005,17,73,27801,6,5,3,2,0,1
1006,12,30,258301,3,4,2,6,1,0
1007,22,30,75808,2,4,5,1,6
1008,47,39,14353,0,6,1
1009,63,50,800000,5,3,6,1,4
1010,6,47,800000,2,0,4,5
1011,42,66,609283,6,3,0,4,2
1012,63,47,800000,5,2,1
1013,17,10,30206,2,4,5,0
1014,73,77,22969,0,5,6
1015,31,15,16438,6,2,1,4,0,5
1016,22,73,65194,6,1,4,2
1017,12,47,363645,1,2,6,5,0
1018,47,25,12778,2,6,1,5
1019,41,50,800000,4,5,3,2,6
1020,31,37,15666,2,3,5,1,4,0
1021,0,47,396719,2,4,1,5,0
1022,17,39,35458,2,1,3
1023,37,10,67364,0,2,5,4,6
1024,63,30,555617,3,5,2,4,1
1025,12,30,243568,0,4,1,5,2,6
1026,6,30,578147,3,2,5,4,0
1027,0,66,460691,1,4,5,3,2,6
1028,64,37,63599,5,4,0,1
1029,42,36,112643,6,3,1,4
1030,14,50,800000,5,2,4
1031,0,47,396719,2,4,1,5,0
1032,37,36,16765,3,4,0,5
1033,47,73,11992,5,2,1,0,4,6
1034,63,47,800000,5,2,1
1035,31,37,14965,5,4,1
1036,36,25,19578,5,6,3,4,2
1037,17,47,10974,1,5,3,6,2
1038,31,37,14175,6,0,1,2,5
1039,5,50,800000,1,0,5
1040,73,37,44115,4,2,3,1,0
1041,6,36,110610,5,2,3
1042,44,36,142913,4,3,2
1043,17,36,19982,4,3,0,6,1,5
1044,37,77,23807,1,4,6,3,2
1045,37,73,43720,0,2,4,1,5
1046,42,39,25214,6,0,3,5
1047,47,15,12655,0,6,1,4
