0,10,14,979170,0,5,1,2,3
1,1,7,4285602,0,3,2,4,5,6
2,15,16,1498346,5,1,0,6
3,6,20,2937439,4,0,5,6,2,1
4,6,15,4116448,4,0,1,2
5,13,15,1797075,2,3,4,0,5
6,6,20,3228995,3,1,6
7,12,17,5862850,1,0,2,4
8,6,16,5301783,4,5,1,6
9,6,20,3446988,1,5,0,2,3,4
10,5,14,2538692,0,2,1,3
11,14,17,6732345,2,3,1,6,5,0
12,14,20,1180626,1,2,3,5,0
13,6,15,17977963,4,6,1,2
14,12,15,4799916,2,5,6
15,11,14,1284694,0,1,4
16,6,16,5501332,4,1,6,0,5,2
17,8,15,10006275,6,5,4,2,0
18,11,14,3165109,3,4,6
19,14,15,3720795,5,0,4,6
20,3,15,1168878,6,3,4
21,4,15,5285815,5,3,4,1,6
22,6,8,26334480,3,0,1,2,6
23,13,15,3382071,1,3,0,2,4
24,1,20,1049818,0,5,3
25,12,16,1490118,5,0,2
26,10,15,6394862,3,1,6,4,2
27,11,16,1719433,2,0,3,1
28,15,19,6181203,1,2,3
29,11,16,2483700,4,5,3,6,0,2
30,7,19,6428818,4,5,1
31,11,20,3004715,6,4,0,5
32,11,14,3165109,3,4,6
33,1,10,17134316,4,3,0,6
34,7,19,6428818,4,5,1
35,13,14,1138090,6,0,2,4
36,3,15,1919857,1,4,6,3,5
37,4,15,5877264,0,5,3,2
38,1,15,1248824,2,4,6,5,1
39,6,13,2710420,6,4,3,1
40,3,7,1383881,5,2,4,0,1,3
41,11,20,1130854,5,3,2,1,0,4
42,6,8,11133208,0,6,3,1
43,1,15,4179459,2,0,5,3,1,4
44,11,16,4095855,2,0,1,6,5
45,11,15,5297367,6,4,0,5
46,4,15,5877264,0,5,3,2
47,14,20,7053871,1,5,0
48,5,15,2725137,1,5,4,0,6
49,14,15,6961711,0,6,1,3,2,5
50,4,15,13810050,6,2,0
51,14,19,4449206,5,0,2
52,11,16,2187347,4,5,1,2,0,3
53,11,16,1219329,4,2,3,0,1
54,9,15,4486788,4,6,5,0,2,3
55,15,17,6042414,2,5,1,6,3,0
56,11,20,3004715,6,4,0,5
57,9,15,4486788,4,6,5,0,2,3
58,15,16,7536966,3,4,6
59,3,15,1919857,1,4,6,3,5
60,7,19,3284884,4,0,5,6
61,1,15,1248824,2,4,6,5,1
62,14,17,4920487,2,4,6,3
63,3,14,1067859,2,3,1,4
64,10,14,812773,3,2,5,0,6,1
65,6,15,4116448,4,0,1,2
66,13,15,5527630,2,6,4
67,10,15,2321921,0,4,2
68,15,19,6181203,1,2,3
69,7,19,3284884,4,0,5,6
70,6,11,3834024,2,4,1,5,0,6
71,13,15,1617533,5,2,4
72,15,19,5957353,5,4,3
73,5,15,4350510,3,0,2,6
74,15,16,1498346,5,1,0,6
75,15,20,25342157,4,0,2,5,6
76,11,20,3004715,6,4,0,5
77,9,13,822540,4,5,1,2,0
78,14,17,2582409,1,0,2,3,4
79,6,14,2460964,2,6,3,4
80,12,16,5067296,2,0,3,1,4,6
81,14,19,4312493,0,1,5
82,9,15,5353702,0,1,4,2,6,3
83,15,16,1498346,5,1,0,6
84,11,20,2438364,6,2,4
85,14,19,7353196,0,1,4,5
86,1,15,15536635,2,4,3,1
87,7,15,1142854,0,6,2,4
88,14,20,3499136,1,2,3,4,6
89,10,15,3387190,6,2,5,3
90,14,20,4595428,1,6,5
91,6,16,878901,0,6,3
92,11,12,4145669,0,5,1,4,6,2
93,13,15,13756304,4,6,5,0
94,6,15,2623610,6,5,4,0
95,14,20,3499136,1,2,3,4,6
96,15,16,9028917,2,4,0,6,1
97,4,8,949227,4,0,3,6,1
98,15,19,5957353,5,4,3
99,6,11,4666308,5,3,2,6,0,4
100,11,15,7905003,2,5,1,4
101,6,16,21022180,6,5,1
102,6,15,8273765,6,3,0,4,1
103,15,17,7709755,3,5,2
104,7,19,2334233,6,4,5
105,13,15,5019062,3,0,5,4
106,1,10,17134316,4,3,0,6
107,10,15,6394862,3,1,6,4,2
108,14,17,4241803,2,3,1,0,6,5
109,8,15,2662028,2,4,0,6,5
110,16,17,894974,1,5,2
111,15,16,9028917,2,4,0,6,1
112,10,14,979170,0,5,1,2,3
113,1,15,2316338,6,3,2
114,6,13,1082273,3,5,1,4,0,2
115,7,19,3284884,4,0,5,6
116,11,19,1530665,2,3,5,4,6
117,4,11,815196,1,3,2,6,4
118,12,15,1060048,0,6,5,4
119,6,14,2460964,2,6,3,4
120,6,8,15583120,2,6,5
121,4,15,6299030,3,4,0
122,4,8,949227,4,0,3,6,1
123,4,15,5285815,5,3,4,1,6
124,3,7,1383881,5,2,4,0,1,3
125,10,15,2321921,0,4,2
126,15,19,6181203,1,2,3
127,14,19,2770618,3,2,1,4
128,4,13,1390235,4,0,2,1,6,3
129,4,6,1509810,4,1,3,6
130,10,16,1040154,5,4,2,1
131,5,15,2430363,5,2,6,4,3
132,1,15,15536635,2,4,3,1
133,14,17,2582409,1,0,2,3,4
134,3,15,6654199,2,1,4,5,0,6
135,11,12,4145669,0,5,1,4,6,2
136,6,7,51468610,2,4,5,0,6
137,6,8,7384842,6,1,4
138,6,8,15583120,2,6,5
139,11,13,4079420,3,0,5
140,4,15,9500472,0,1,6
141,10,14,979170,0,5,1,2,3
142,15,17,2996760,3,1,5,2,6
143,7,19,3284884,4,0,5,6
144,6,11,4666308,5,3,2,6,0,4
145,11,12,3759260,0,1,5,6,2,4
146,11,20,1130854,5,3,2,1,0,4
147,6,20,3228995,3,1,6
148,11,12,3759260,0,1,5,6,2,4
149,11,13,4079420,3,0,5
150,13,15,1797075,2,3,4,0,5
151,6,8,12102480,2,5,3,6,1,4
152,10,19,5849629,0,4,5,1,6,3
153,10,20,8681289,3,2,5,0,4
154,6,20,5663041,0,2,4,6,1
155,6,11,6038026,6,1,5,3
156,11,19,1530665,2,3,5,4,6
157,14,16,1934551,3,6,0
158,8,15,10006275,6,5,4,2,0
159,10,12,1145881,5,1,0,3,4,2
160,12,15,995858,5,2,3,4,6,1
161,6,8,15583120,2,6,5
162,6,20,1880071,4,0,5,3
163,10,20,1422849,2,3,5,6
164,6,11,4666308,5,3,2,6,0,4
165,11,16,4189120,3,1,2
166,13,17,10990050,6,2,0,4
167,11,14,1419307,4,6,3
168,6,15,17977963,4,6,1,2
169,6,8,11133208,0,6,3,1
170,3,15,1440795,2,5,1,3,6
171,7,19,2334233,6,4,5
172,6,16,4288708,3,0,4
173,13,17,10990050,6,2,0,4
174,11,15,5154285,5,4,3,1,6,2
175,13,15,13756304,4,6,5,0
176,10,12,1145881,5,1,0,3,4,2
177,8,14,1096050,6,4,2
178,15,17,3502944,0,6,2,4,1,3
179,11,14,3165109,3,4,6
180,3,15,1717322,3,4,0,2
181,6,16,878901,0,6,3
182,7,15,2750939,6,3,4,2,5
183,14,15,4503350,3,1,0,6
184,3,15,1976858,3,0,6,5,4
185,6,13,4694434,4,3,0,6,2,1
186,14,20,3499136,1,2,3,4,6
187,9,15,6121331,4,5,6,3
188,10,19,5849629,0,4,5,1,6,3
189,11,19,1115921,0,5,6
190,6,13,2181532,4,5,2,0,1
191,13,15,5527630,2,6,4
192,14,19,10515141,6,2,3,4
193,9,15,7670213,6,5,4
194,10,17,17022243,4,1,5
195,14,20,7053871,1,5,0
196,10,15,5654580,3,4,5,1,6
197,9,16,998622,6,4,0,2
198,5,14,2538692,0,2,1,3
199,10,16,1059196,1,6,3,0,4,2
200,6,15,4116448,4,0,1,2
201,10,20,1762123,2,5,6,0,4
202,14,19,1850369,3,4,1,6,2,5
203,6,16,4003747,5,1,3,2
204,14,15,3942434,1,6,2,3
205,12,16,1490118,5,0,2
206,10,13,31740447,6,3,4,5
207,15,17,6042414,2,5,1,6,3,0
208,14,16,1631183,3,2,4
209,11,20,1203371,6,0,2,1
210,15,17,6042414,2,5,1,6,3,0
211,11,20,1130854,5,3,2,1,0,4
212,9,15,4486788,4,6,5,0,2,3
213,14,20,7053871,1,5,0
214,14,16,1934551,3,6,0
215,15,17,4608356,2,3,0,1
216,15,19,14206809,3,0,6,5,1,2
217,14,17,6732345,2,3,1,6,5,0
218,15,19,2688976,4,3,6,2
219,14,15,6961711,0,6,1,3,2,5
220,6,16,2043172,3,5,6
221,6,11,4666308,5,3,2,6,0,4
222,10,17,2302052,1,6,2
223,14,17,4241803,2,3,1,0,6,5
224,10,17,8595607,0,4,3
225,14,17,4241803,2,3,1,0,6,5
226,10,20,3113753,5,3,6,2,4,0
227,13,15,5019062,3,0,5,4
228,4,15,6299030,3,4,0
229,15,19,5954096,4,1,0
230,14,20,4595428,1,6,5
231,9,12,1157334,4,6,0
232,6,20,7036303,4,3,5,1
233,11,13,810817,4,1,5
234,5,15,8263371,2,6,4,5,1,3
235,6,16,2043172,3,5,6
236,11,19,1245643,5,1,6
237,15,17,7709755,3,5,2
238,14,19,6196808,4,5,6,1,2,0
239,6,20,3446988,1,5,0,2,3,4
240,6,11,4666308,5,3,2,6,0,4
241,13,15,1797075,2,3,4,0,5
242,6,15,17977963,4,6,1,2
243,8,15,7031232,4,3,2,6,1,5
244,6,7,51468610,2,4,5,0,6
245,14,15,9983590,3,6,2
246,14,17,2582409,1,0,2,3,4
247,6,13,1631169,5,4,6,2,3,1
248,11,16,2957536,0,4,1,6,5
249,4,15,5285815,5,3,4,1,6
250,4,19,1023652,2,0,6,3,4
251,5,15,4393013,4,2,6
252,13,14,816490,1,5,0,2,4
253,10,20,2513649,2,0,1,3
254,6,15,2623610,6,5,4,0
255,6,20,2937439,4,0,5,6,2,1
256,15,19,874899,5,0,6,2,1,3
257,7,19,6428818,4,5,1
258,15,16,7536966,3,4,6
259,15,17,7709755,3,5,2
260,14,17,4241803,2,3,1,0,6,5
261,11,19,1115921,0,5,6
262,9,15,7670213,6,5,4
263,11,14,1419307,4,6,3
264,14,15,4503350,3,1,0,6
265,9,13,822540,4,5,1,2,0
266,1,15,4179459,2,0,5,3,1,4
267,11,14,3165109,3,4,6
268,11,20,2438364,6,2,4
269,10,14,812773,3,2,5,0,6,1
270,12,15,4674551,4,3,5,0
271,11,12,2957306,3,6,4,5,2,0
272,14,20,3499136,1,2,3,4,6
273,11,13,810817,4,1,5
274,6,13,4694434,4,3,0,6,2,1
275,10,17,8595607,0,4,3
276,14,17,4241803,2,3,1,0,6,5
277,14,20,4747554,4,3,2,6,5
278,15,20,11827988,2,5,3,4,0
279,6,15,4116448,4,0,1,2
280,15,16,6124172,4,5,2,6,1,3
281,14,16,1850080,1,0,3,2,4,6
282,1,7,2277680,6,0,5
283,11,20,1170541,0,4,1,2,5,6
284,14,15,6863430,2,3,0,5
285,6,13,2710420,6,4,3,1
286,9,16,818198,4,6,2,1,3,5
287,3,7,1383881,5,2,4,0,1,3
288,10,15,4442472,3,1,6,4,0
289,12,15,1060048,0,6,5,4
290,11,15,4328803,6,1,0
291,8,15,2662028,2,4,0,6,5
292,1,15,2284140,1,6,2
293,11,16,2187347,4,5,1,2,0,3
294,6,8,11133208,0,6,3,1
295,10,20,8681289,3,2,5,0,4
296,8,15,3562769,3,4,0,6,5
297,11,19,1530665,2,3,5,4,6
298,9,15,7670213,6,5,4
299,14,19,4312493,0,1,5
300,14,20,1180626,1,2,3,5,0
301,15,19,874899,5,0,6,2,1,3
302,6,8,11133208,0,6,3,1
303,6,16,2043172,3,5,6
304,11,13,4079420,3,0,5
305,6,16,5301783,4,5,1,6
306,11,20,2438364,6,2,4
307,14,16,1934551,3,6,0
308,11,12,4145669,0,5,1,4,6,2
309,6,15,3454630,1,0,3,5,6,2
310,6,16,2043172,3,5,6
311,11,16,2957536,0,4,1,6,5
312,4,13,1390235,4,0,2,1,6,3
313,6,13,2710420,6,4,3,1
314,15,17,7709755,3,5,2
315,4,11,815196,1,3,2,6,4
316,13,15,3382071,1,3,0,2,4
317,6,14,2460964,2,6,3,4
318,14,19,10515141,6,2,3,4
319,14,16,1631183,3,2,4
320,6,13,4694434,4,3,0,6,2,1
321,6,8,11133208,0,6,3,1
322,8,15,7031232,4,3,2,6,1,5
323,15,20,14910933,1,5,2,6,3,4
324,1,15,2316338,6,3,2
325,10,20,1762123,2,5,6,0,4
326,6,13,2181532,4,5,2,0,1
327,14,19,6196808,4,5,6,1,2,0
328,13,15,5527630,2,6,4
329,8,15,4784861,0,3,6
330,3,15,1440795,2,5,1,3,6
331,15,17,7709755,3,5,2
332,6,8,9146089,6,1,3,5
333,11,12,2957306,3,6,4,5,2,0
334,4,15,13810050,6,2,0
335,6,11,3767919,3,2,5,4,6
336,1,4,7124608,1,3,0,5,6
337,1,7,3765065,3,5,4,2,0
338,14,19,7353196,0,1,4,5
339,6,13,4694434,4,3,0,6,2,1
340,6,11,3767919,3,2,5,4,6
341,1,7,4285602,0,3,2,4,5,6
342,14,19,4665192,4,3,6
343,11,16,4189120,3,1,2
344,12,15,995858,5,2,3,4,6,1
345,11,20,3004715,6,4,0,5
346,10,20,8681289,3,2,5,0,4
347,5,15,4393013,4,2,6
348,4,15,5877264,0,5,3,2
349,11,15,5297367,6,4,0,5
350,10,14,812773,3,2,5,0,6,1
351,11,14,1419307,4,6,3
352,6,11,4666308,5,3,2,6,0,4
353,15,20,18742960,5,3,2,1
354,10,19,5849629,0,4,5,1,6,3
355,12,16,1490118,5,0,2
356,6,19,3864387,2,4,5
357,4,15,13810050,6,2,0
358,6,16,5501332,4,1,6,0,5,2
359,6,13,2181532,4,5,2,0,1
360,11,19,1530665,2,3,5,4,6
361,15,20,11730820,5,3,6,2,1,4
362,15,17,6578460,0,3,4,5,6
363,6,13,2710420,6,4,3,1
364,11,16,1219329,4,2,3,0,1
365,1,15,4179459,2,0,5,3,1,4
366,8,15,15951002,6,1,4
367,11,16,2187347,4,5,1,2,0,3
368,11,17,1240944,3,2,4,0,1
369,5,6,2333342,1,4,3
370,12,15,4674551,4,3,5,0
371,6,15,8273765,6,3,0,4,1
372,8,14,1096050,6,4,2
373,6,20,1880071,4,0,5,3
374,1,4,7124608,1,3,0,5,6
375,14,16,3644755,4,3,1
376,9,15,3905913,4,1,5,6
377,11,19,1245643,5,1,6
378,15,19,874899,5,0,6,2,1,3
379,1,7,2277680,6,0,5
380,13,15,837621,5,4,2,6,3,1
381,6,20,3446988,1,5,0,2,3,4
382,13,14,816490,1,5,0,2,4
383,13,15,837621,5,4,2,6,3,1
384,1,7,3388428,1,5,2,3,0
385,6,8,12102480,2,5,3,6,1,4
386,6,16,6603024,4,3,0,6,1,2
387,3,15,1976858,3,0,6,5,4
388,1,7,4285602,0,3,2,4,5,6
389,11,16,1219329,4,2,3,0,1
390,10,19,5849629,0,4,5,1,6,3
391,1,7,1328482,2,1,3,5,6
392,10,20,1422849,2,3,5,6
393,6,19,9067239,2,5,1,6,4
394,9,15,4486788,4,6,5,0,2,3
395,15,19,874899,5,0,6,2,1,3
396,6,11,3767919,3,2,5,4,6
397,13,14,816490,1,5,0,2,4
398,11,20,2438364,6,2,4
399,14,19,4312493,0,1,5
400,10,15,6394862,3,1,6,4,2
401,6,11,3834024,2,4,1,5,0,6
402,6,8,9146089,6,1,3,5
403,6,20,3446988,1,5,0,2,3,4
404,6,16,4288708,3,0,4
405,13,17,10990050,6,2,0,4
406,11,14,3770268,1,4,3,6,2,0
407,6,15,3454630,1,0,3,5,6,2
408,10,20,3113753,5,3,6,2,4,0
409,14,20,4595428,1,6,5
410,15,16,7536966,3,4,6
411,7,16,1377177,2,6,0
412,5,15,2430363,5,2,6,4,3
413,14,17,4029393,3,0,2,6,5,1
414,1,5,1182180,1,4,6,3,0
415,9,15,9659538,6,4,2
416,14,20,3499136,1,2,3,4,6
417,7,19,2334233,6,4,5
418,11,16,2187347,4,5,1,2,0,3
419,15,17,6578460,0,3,4,5,6
420,6,15,4116448,4,0,1,2
421,11,19,1530665,2,3,5,4,6
422,15,17,2996760,3,1,5,2,6
423,6,19,10185624,6,4,0,3,5,1
424,14,20,4595428,1,6,5
425,9,14,1468262,0,5,4
426,11,16,4095855,2,0,1,6,5
427,1,7,3388428,1,5,2,3,0
428,10,17,17022243,4,1,5
429,11,16,2187347,4,5,1,2,0,3
430,6,15,8273765,6,3,0,4,1
431,14,16,904626,3,0,2,5,1
432,1,15,1248824,2,4,6,5,1
433,15,16,9028917,2,4,0,6,1
434,6,20,3228995,3,1,6
435,11,15,7970469,0,4,3,5
436,14,16,1631183,3,2,4
437,9,15,7670213,6,5,4
438,10,11,977985,2,1,6
439,15,19,6181203,1,2,3
440,10,19,5849629,0,4,5,1,6,3
441,6,8,15583120,2,6,5
442,10,19,9229911,2,1,4,5
443,1,15,4179459,2,0,5,3,1,4
444,6,15,3454630,1,0,3,5,6,2
445,14,19,4665192,4,3,6
446,6,8,11133208,0,6,3,1
447,13,15,837621,5,4,2,6,3,1
448,13,15,5527630,2,6,4
449,6,16,6603024,4,3,0,6,1,2
450,6,8,15583120,2,6,5
451,14,15,6961711,0,6,1,3,2,5
452,3,15,1717322,3,4,0,2
453,8,14,1096050,6,4,2
454,12,15,995858,5,2,3,4,6,1
455,11,13,810817,4,1,5
456,11,12,3759260,0,1,5,6,2,4
457,6,15,4116448,4,0,1,2
458,6,16,4003747,5,1,3,2
459,6,16,4003747,5,1,3,2
460,11,13,1613326,6,2,1,5,0,3
461,10,15,2938013,6,1,4,2,5,0
462,6,15,5711147,5,3,0,6
463,1,20,1049818,0,5,3
464,14,20,3450311,5,4,3,1
465,11,16,2187347,4,5,1,2,0,3
466,15,17,6042414,2,5,1,6,3,0
467,1,15,2316338,6,3,2
468,9,15,4486788,4,6,5,0,2,3
469,13,15,837621,5,4,2,6,3,1
470,11,16,4189120,3,1,2
471,3,15,6654199,2,1,4,5,0,6
472,14,19,4665192,4,3,6
473,6,15,5711147,5,3,0,6
474,11,19,1245643,5,1,6
475,11,12,2957306,3,6,4,5,2,0
476,6,13,1082273,3,5,1,4,0,2
477,9,15,4486788,4,6,5,0,2,3
478,5,15,7797991,5,6,1,4
479,11,15,7905003,2,5,1,4
480,6,16,6603024,4,3,0,6,1,2
481,12,15,995858,5,2,3,4,6,1
482,11,17,1240944,3,2,4,0,1
483,1,7,4285602,0,3,2,4,5,6
484,10,13,31740447,6,3,4,5
485,3,15,1168878,6,3,4
486,15,20,25342157,4,0,2,5,6
487,11,15,5297367,6,4,0,5
488,13,14,1138090,6,0,2,4
489,11,16,4095855,2,0,1,6,5
490,7,15,2750939,6,3,4,2,5
491,10,20,1422849,2,3,5,6
492,14,19,4449206,5,0,2
493,6,16,5301783,4,5,1,6
494,8,15,2662028,2,4,0,6,5
495,7,19,2334233,6,4,5
496,5,15,3446220,3,4,6,2
497,4,15,5877264,0,5,3,2
498,11,19,1530665,2,3,5,4,6
499,13,15,1797075,2,3,4,0,5
500,6,8,26334480,3,0,1,2,6
501,14,17,2582409,1,0,2,3,4
502,14,19,2558701,1,0,4
503,6,8,11133208,0,6,3,1
504,8,15,3562769,3,4,0,6,5
505,11,12,2885196,4,5,2,0,1
506,6,20,1880071,4,0,5,3
507,9,16,998622,6,4,0,2
508,14,15,6863430,2,3,0,5
509,6,13,10313775,4,0,5,1,2
510,10,15,5654580,3,4,5,1,6
511,6,13,4322382,3,1,4,6,2
512,8,15,15951002,6,1,4
513,1,15,11769774,6,2,5,0,1,3
514,10,16,1040154,5,4,2,1
515,6,20,1880071,4,0,5,3
516,6,16,2043172,3,5,6
517,9,16,818198,4,6,2,1,3,5
518,12,15,4799916,2,5,6
519,1,15,2284140,1,6,2
520,14,17,4029393,3,0,2,6,5,1
521,5,15,3446220,3,4,6,2
522,11,15,7970469,0,4,3,5
523,6,11,3767919,3,2,5,4,6
524,13,14,815283,3,5,1,4,0
525,7,15,2750939,6,3,4,2,5
526,15,16,9028917,2,4,0,6,1
527,6,13,10313775,4,0,5,1,2
528,6,15,8273765,6,3,0,4,1
529,6,20,7036303,4,3,5,1
530,6,15,5711147,5,3,0,6
531,11,19,1115921,0,5,6
532,9,12,1157334,4,6,0
533,15,20,32411037,6,3,2,5,4,0
534,15,19,3978597,4,0,6,1
535,10,20,3113753,5,3,6,2,4,0
536,10,20,1422849,2,3,5,6
537,8,15,2662028,2,4,0,6,5
538,6,8,26334480,3,0,1,2,6
539,8,15,3562769,3,4,0,6,5
540,10,15,3387190,6,2,5,3
541,11,15,4328803,6,1,0
542,4,15,5285815,5,3,4,1,6
543,11,13,810817,4,1,5
544,14,16,1934551,3,6,0
545,15,20,18742960,5,3,2,1
546,14,16,1934551,3,6,0
547,15,20,14910933,1,5,2,6,3,4
548,11,16,2483700,4,5,3,6,0,2
549,12,16,1490118,5,0,2
550,14,19,10515141,6,2,3,4
551,3,15,1919857,1,4,6,3,5
552,11,14,1284694,0,1,4
553,6,14,2460964,2,6,3,4
554,8,15,2662028,2,4,0,6,5
555,6,16,2043172,3,5,6
556,11,19,1115921,0,5,6
557,6,8,9146089,6,1,3,5
558,13,15,837621,5,4,2,6,3,1
559,10,15,5654580,3,4,5,1,6
560,11,20,2438364,6,2,4
561,1,20,1049818,0,5,3
562,12,15,995858,5,2,3,4,6,1
563,14,15,3500960,2,6,3,4,5,1
564,4,13,1390235,4,0,2,1,6,3
565,11,16,3595169,2,1,3
566,11,15,5154285,5,4,3,1,6,2
567,6,13,4694434,4,3,0,6,2,1
568,14,19,2770618,3,2,1,4
569,7,19,2334233,6,4,5
570,4,15,9500472,0,1,6
571,3,7,1383881,5,2,4,0,1,3
572,9,16,998622,6,4,0,2
573,5,15,7797991,5,6,1,4
574,5,15,8263371,2,6,4,5,1,3
575,10,20,2513649,2,0,1,3
576,6,16,5301783,4,5,1,6
577,10,14,812773,3,2,5,0,6,1
578,5,15,7797991,5,6,1,4
579,14,19,7353196,0,1,4,5
580,6,15,8273765,6,3,0,4,1
581,6,15,2623610,6,5,4,0
582,13,15,13756304,4,6,5,0
583,11,19,1115921,0,5,6
584,7,16,1377177,2,6,0
585,12,14,1440375,0,5,1,4,2,3
586,7,19,6428818,4,5,1
587,14,19,2770618,3,2,1,4
588,14,20,3450311,5,4,3,1
589,8,14,1192235,1,5,6,2,4
590,6,15,8273765,6,3,0,4,1
591,15,20,32411037,6,3,2,5,4,0
592,11,15,5297367,6,4,0,5
593,7,19,4488051,0,6,2,5,1,4
594,3,15,1976858,3,0,6,5,4
595,10,14,879888,3,0,1
596,14,17,4241803,2,3,1,0,6,5
597,8,15,15951002,6,1,4
598,4,15,9500472,0,1,6
599,8,14,1096050,6,4,2
600,14,15,7563211,3,6,0,2,4,1
601,8,14,1192235,1,5,6,2,4
602,8,15,10006275,6,5,4,2,0
603,3,15,1440795,2,5,1,3,6
604,3,15,1976858,3,0,6,5,4
605,6,13,5939223,3,2,0,6,5,4
606,10,17,2302052,1,6,2
607,11,16,1719433,2,0,3,1
608,15,19,5957353,5,4,3
609,14,16,3644755,4,3,1
610,6,20,5663041,0,2,4,6,1
611,6,16,4003747,5,1,3,2
612,11,15,5154285,5,4,3,1,6,2
613,6,16,4003747,5,1,3,2
614,7,15,1142854,0,6,2,4
615,1,7,2277680,6,0,5
616,11,20,3004715,6,4,0,5
617,14,20,7053871,1,5,0
618,14,19,2558701,1,0,4
619,6,15,3454630,1,0,3,5,6,2
620,5,14,1641941,4,3,5,1,0,2
621,15,20,14910933,1,5,2,6,3,4
622,14,19,4665192,4,3,6
623,14,19,4449206,5,0,2
624,1,20,1049818,0,5,3
625,15,20,32411037,6,3,2,5,4,0
626,14,19,2558701,1,0,4
627,16,17,894974,1,5,2
628,12,15,4674551,4,3,5,0
629,15,19,14206809,3,0,6,5,1,2
630,4,8,949227,4,0,3,6,1
631,12,16,1490118,5,0,2
632,7,15,1304164,1,4,6
633,1,7,3765065,3,5,4,2,0
634,15,19,874899,5,0,6,2,1,3
635,15,17,4608356,2,3,0,1
636,1,10,17134316,4,3,0,6
637,7,19,2334233,6,4,5
638,3,15,1976858,3,0,6,5,4
639,13,15,3382071,1,3,0,2,4
640,3,15,1976858,3,0,6,5,4
641,13,14,1138090,6,0,2,4
642,11,16,2957536,0,4,1,6,5
643,8,14,1192235,1,5,6,2,4
644,7,19,2334233,6,4,5
645,6,20,5663041,0,2,4,6,1
646,7,15,1142854,0,6,2,4
647,11,20,3004715,6,4,0,5
648,6,13,2710420,6,4,3,1
649,6,13,2710420,6,4,3,1
650,4,13,1390235,4,0,2,1,6,3
651,14,15,7563211,3,6,0,2,4,1
652,14,15,4503350,3,1,0,6
653,1,7,4285602,0,3,2,4,5,6
654,1,15,2284140,1,6,2
655,4,15,5877264,0,5,3,2
656,15,17,3502944,0,6,2,4,1,3
657,14,19,7353196,0,1,4,5
658,15,16,6124172,4,5,2,6,1,3
659,15,17,6578460,0,3,4,5,6
660,3,15,1976858,3,0,6,5,4
661,11,19,1245643,5,1,6
662,3,15,1919857,1,4,6,3,5
663,12,15,4799916,2,5,6
664,10,19,5849629,0,4,5,1,6,3
665,13,15,1617533,5,2,4
666,15,17,2996760,3,1,5,2,6
667,10,14,979170,0,5,1,2,3
668,14,20,3450311,5,4,3,1
669,14,15,3942434,1,6,2,3
670,13,15,5019062,3,0,5,4
671,4,15,5285815,5,3,4,1,6
672,8,15,3562769,3,4,0,6,5
673,1,7,1328482,2,1,3,5,6
674,6,8,9146089,6,1,3,5
675,11,19,1530665,2,3,5,4,6
676,11,16,2187347,4,5,1,2,0,3
677,10,20,1762123,2,5,6,0,4
678,6,16,6603024,4,3,0,6,1,2
679,6,11,3834024,2,4,1,5,0,6
680,7,15,2750939,6,3,4,2,5
681,14,16,1850080,1,0,3,2,4,6
682,11,19,1245643,5,1,6
683,10,14,812773,3,2,5,0,6,1
684,14,19,6196808,4,5,6,1,2,0
685,13,15,1617533,5,2,4
686,6,16,2043172,3,5,6
687,15,20,18742960,5,3,2,1
688,6,13,5939223,3,2,0,6,5,4
689,6,16,7454182,2,6,4,5,0
690,13,14,815283,3,5,1,4,0
691,1,7,4285602,0,3,2,4,5,6
692,14,20,1180626,1,2,3,5,0
693,14,15,6961711,0,6,1,3,2,5
694,5,15,4393013,4,2,6
695,11,20,2438364,6,2,4
696,10,20,3113753,5,3,6,2,4,0
697,1,7,2277680,6,0,5
698,14,15,9983590,3,6,2
699,15,19,5954096,4,1,0
700,11,15,5297367,6,4,0,5
701,11,15,5297367,6,4,0,5
702,4,15,9500472,0,1,6
703,10,12,1145881,5,1,0,3,4,2
704,6,15,8273765,6,3,0,4,1
705,6,19,10185624,6,4,0,3,5,1
706,10,15,3387190,6,2,5,3
707,4,13,1390235,4,0,2,1,6,3
708,15,19,5957353,5,4,3
709,15,17,6042414,2,5,1,6,3,0
710,11,12,3759260,0,1,5,6,2,4
711,6,13,2710420,6,4,3,1
712,3,15,1976858,3,0,6,5,4
713,10,17,17022243,4,1,5
714,8,15,7031232,4,3,2,6,1,5
715,10,15,6394862,3,1,6,4,2
716,10,20,8681289,3,2,5,0,4
717,7,19,6428818,4,5,1
718,5,15,2430363,5,2,6,4,3
719,15,19,3978597,4,0,6,1
720,6,20,3228995,3,1,6
721,4,15,13810050,6,2,0
722,13,14,948896,5,6,4,1,3,0
723,3,15,1168878,6,3,4
724,14,15,6961711,0,6,1,3,2,5
725,12,14,1045590,6,4,0,3
726,10,20,8681289,3,2,5,0,4
727,4,15,9500472,0,1,6
728,14,19,4665192,4,3,6
729,4,6,1509810,4,1,3,6
730,11,16,4095855,2,0,1,6,5
731,1,7,1328482,2,1,3,5,6
732,6,16,878901,0,6,3
733,9,16,818198,4,6,2,1,3,5
734,10,15,6394862,3,1,6,4,2
735,5,6,2333342,1,4,3
736,1,7,3388428,1,5,2,3,0
737,10,14,979170,0,5,1,2,3
738,6,11,3834024,2,4,1,5,0,6
739,15,17,7709755,3,5,2
740,3,14,1067859,2,3,1,4
741,1,10,17134316,4,3,0,6
742,13,15,13756304,4,6,5,0
743,6,20,2937439,4,0,5,6,2,1
744,4,15,5285815,5,3,4,1,6
745,6,13,4322382,3,1,4,6,2
746,14,17,4029393,3,0,2,6,5,1
747,14,17,2582409,1,0,2,3,4
748,3,14,1067859,2,3,1,4
749,10,17,2302052,1,6,2
750,14,15,3942434,1,6,2,3
751,8,15,3562769,3,4,0,6,5
752,15,17,3502944,0,6,2,4,1,3
753,14,19,2558701,1,0,4
754,14,16,1850080,1,0,3,2,4,6
755,1,5,1182180,1,4,6,3,0
756,11,15,7970469,0,4,3,5
757,11,13,4079420,3,0,5
758,6,11,3834024,2,4,1,5,0,6
759,11,19,1115921,0,5,6
760,15,19,3978597,4,0,6,1
761,10,12,1145881,5,1,0,3,4,2
762,15,17,2440939,2,6,5,4,0,1
763,12,15,995858,5,2,3,4,6,1
764,12,15,4799916,2,5,6
765,10,19,5849629,0,4,5,1,6,3
766,7,19,2334233,6,4,5
767,15,19,2688976,4,3,6,2
768,7,15,2750939,6,3,4,2,5
769,14,15,7563211,3,6,0,2,4,1
770,14,17,4029393,3,0,2,6,5,1
771,11,15,5154285,5,4,3,1,6,2
772,10,15,2321921,0,4,2
773,14,17,6732345,2,3,1,6,5,0
774,14,15,7563211,3,6,0,2,4,1
775,4,19,1023652,2,0,6,3,4
776,15,19,3978597,4,0,6,1
777,9,14,1468262,0,5,4
778,6,13,1631169,5,4,6,2,3,1
779,6,13,1082273,3,5,1,4,0,2
780,15,20,14910933,1,5,2,6,3,4
781,12,15,995858,5,2,3,4,6,1
782,15,17,6042414,2,5,1,6,3,0
783,12,16,5067296,2,0,3,1,4,6
784,7,15,1304164,1,4,6
785,15,20,32411037,6,3,2,5,4,0
786,6,20,3228995,3,1,6
787,15,19,6181203,1,2,3
788,6,8,7384842,6,1,4
789,15,19,5954096,4,1,0
790,5,15,7797991,5,6,1,4
791,12,14,1045590,6,4,0,3
792,11,16,1719433,2,0,3,1
793,13,15,837621,5,4,2,6,3,1
794,11,16,2483700,4,5,3,6,0,2
795,15,19,6181203,1,2,3
796,13,14,948896,5,6,4,1,3,0
797,6,15,5711147,5,3,0,6
798,14,15,4503350,3,1,0,6
799,8,15,4784861,0,3,6
800,13,15,13756304,4,6,5,0
801,11,16,4189120,3,1,2
802,9,16,818198,4,6,2,1,3,5
803,8,15,10006275,6,5,4,2,0
804,9,15,5353702,0,1,4,2,6,3
805,15,17,6578460,0,3,4,5,6
806,6,13,5939223,3,2,0,6,5,4
807,15,16,1498346,5,1,0,6
808,3,15,1440795,2,5,1,3,6
809,6,15,2623610,6,5,4,0
810,6,16,4003747,5,1,3,2
811,10,19,5849629,0,4,5,1,6,3
812,9,15,3905913,4,1,5,6
813,10,13,31740447,6,3,4,5
814,5,14,2538692,0,2,1,3
815,6,15,5711147,5,3,0,6
816,7,19,1621541,0,5,1,4,2
817,14,17,4920487,2,4,6,3
818,6,13,10313775,4,0,5,1,2
819,6,8,11133208,0,6,3,1
820,6,13,4694434,4,3,0,6,2,1
821,10,15,2321921,0,4,2
822,13,14,816490,1,5,0,2,4
823,14,15,3942434,1,6,2,3
824,11,14,1419307,4,6,3
825,6,13,1082273,3,5,1,4,0,2
826,1,7,3108988,5,2,1,0,6
827,11,16,1219329,4,2,3,0,1
828,12,15,995858,5,2,3,4,6,1
829,7,15,1304164,1,4,6
830,5,15,4350510,3,0,2,6
831,10,12,1145881,5,1,0,3,4,2
832,4,13,1390235,4,0,2,1,6,3
833,14,15,6863430,2,3,0,5
834,12,15,1060048,0,6,5,4
835,13,15,1617533,5,2,4
836,10,15,3387190,6,2,5,3
837,14,16,1850080,1,0,3,2,4,6
838,5,15,4350510,3,0,2,6
839,11,20,1130854,5,3,2,1,0,4
840,14,19,6196808,4,5,6,1,2,0
841,6,14,2460964,2,6,3,4
842,10,19,5849629,0,4,5,1,6,3
843,6,13,1631169,5,4,6,2,3,1
844,11,19,2496601,0,5,1
845,5,15,8263371,2,6,4,5,1,3
846,15,17,6042414,2,5,1,6,3,0
847,11,16,1219329,4,2,3,0,1
848,12,15,995858,5,2,3,4,6,1
849,9,15,3905913,4,1,5,6
850,14,16,3644755,4,3,1
851,14,19,2770618,3,2,1,4
852,8,15,3562769,3,4,0,6,5
853,4,8,949227,4,0,3,6,1
854,10,19,5849629,0,4,5,1,6,3
855,7,16,1377177,2,6,0
856,11,16,2483700,4,5,3,6,0,2
857,15,17,2996760,3,1,5,2,6
858,11,20,1203371,6,0,2,1
859,11,12,4145669,0,5,1,4,6,2
860,6,19,9067239,2,5,1,6,4
861,15,19,6181203,1,2,3
862,14,15,4503350,3,1,0,6
863,6,20,3228995,3,1,6
864,6,13,10313775,4,0,5,1,2
865,6,11,3767919,3,2,5,4,6
866,14,16,904626,3,0,2,5,1
867,6,13,1082273,3,5,1,4,0,2
868,9,15,7455870,4,2,1,0,5
869,14,17,2582409,1,0,2,3,4
870,11,12,2885196,4,5,2,0,1
871,13,15,1617533,5,2,4
872,5,15,3446220,3,4,6,2
873,6,15,2623610,6,5,4,0
874,12,15,995858,5,2,3,4,6,1
875,6,8,9146089,6,1,3,5
876,1,15,11769774,6,2,5,0,1,3
877,11,14,3165109,3,4,6
878,6,13,1631169,5,4,6,2,3,1
879,9,13,822540,4,5,1,2,0
880,7,19,6428818,4,5,1
881,12,14,1045590,6,4,0,3
882,4,6,1509810,4,1,3,6
883,11,17,2616100,1,0,6,5,2,4
884,6,20,3228995,3,1,6
885,14,17,4920487,2,4,6,3
886,13,15,5019062,3,0,5,4
887,10,15,2321921,0,4,2
888,15,20,11730820,5,3,6,2,1,4
889,6,13,2181532,4,5,2,0,1
890,15,20,14910933,1,5,2,6,3,4
891,5,14,1641941,4,3,5,1,0,2
892,4,6,1509810,4,1,3,6
893,6,13,4322382,3,1,4,6,2
894,15,20,11827988,2,5,3,4,0
895,14,17,4920487,2,4,6,3
896,10,20,3113753,5,3,6,2,4,0
897,11,20,1203371,6,0,2,1
898,5,14,2538692,0,2,1,3
899,5,15,2725137,1,5,4,0,6
900,11,20,3004715,6,4,0,5
901,15,19,14206809,3,0,6,5,1,2
902,15,20,32411037,6,3,2,5,4,0
903,11,19,2496601,0,5,1
904,14,17,4241803,2,3,1,0,6,5
905,11,16,2957536,0,4,1,6,5
906,11,15,7905003,2,5,1,4
907,6,8,26334480,3,0,1,2,6
908,10,20,4609189,6,3,4,2,5
909,12,14,1440375,0,5,1,4,2,3
910,4,15,6299030,3,4,0
911,6,20,3446988,1,5,0,2,3,4
912,10,15,2321921,0,4,2
913,15,20,14910933,1,5,2,6,3,4
914,9,15,5353702,0,1,4,2,6,3
915,11,16,4095855,2,0,1,6,5
916,11,19,1245643,5,1,6
917,6,20,3228995,3,1,6
918,3,14,1067859,2,3,1,4
919,12,14,1440375,0,5,1,4,2,3
920,10,11,977985,2,1,6
921,15,20,32411037,6,3,2,5,4,0
922,11,16,1219329,4,2,3,0,1
923,14,16,1631183,3,2,4
924,10,19,5849629,0,4,5,1,6,3
925,10,15,4442472,3,1,6,4,0
926,6,15,8273765,6,3,0,4,1
927,15,17,2996760,3,1,5,2,6
928,11,19,2496601,0,5,1
929,12,14,1440375,0,5,1,4,2,3
930,14,20,4595428,1,6,5
931,6,14,2460964,2,6,3,4
932,8,15,7031232,4,3,2,6,1,5
933,14,15,6863430,2,3,0,5
934,11,13,4079420,3,0,5
935,11,17,2061838,5,4,3,6
936,6,13,1631169,5,4,6,2,3,1
937,14,19,10515141,6,2,3,4
938,14,19,4449206,5,0,2
939,12,16,5067296,2,0,3,1,4,6
940,12,15,4674551,4,3,5,0
941,6,13,2710420,6,4,3,1
942,6,15,2623610,6,5,4,0
943,7,19,4488051,0,6,2,5,1,4
944,7,19,2334233,6,4,5
945,1,20,1049818,0,5,3
946,6,11,4666308,5,3,2,6,0,4
947,14,16,1934551,3,6,0
948,15,17,2440939,2,6,5,4,0,1
949,15,16,7536966,3,4,6
950,1,15,10784277,4,3,1,2,5,0
951,15,19,2688976,4,3,6,2
952,11,16,3595169,2,1,3
953,4,11,815196,1,3,2,6,4
954,11,16,2187347,4,5,1,2,0,3
955,5,15,4350510,3,0,2,6
956,13,14,1138090,6,0,2,4
957,15,16,1498346,5,1,0,6
958,14,19,1850369,3,4,1,6,2,5
959,7,15,1304164,1,4,6
960,15,19,6181203,1,2,3
961,6,20,3228995,3,1,6
962,14,15,9983590,3,6,2
