0,6,16,6603024,4,3,0,6,1,2
1,1,7,2277680,6,0,5
2,3,15,1717322,3,4,0,2
3,1,15,2316338,6,3,2
4,10,15,4442472,3,1,6,4,0
5,10,17,2302052,1,6,2
6,10,20,8681289,3,2,5,0,4
7,6,11,3767919,3,2,5,4,6
8,12,15,4674551,4,3,5,0
9,6,8,7384842,6,1,4
10,14,19,2558701,1,0,4
11,11,12,3759260,0,1,5,6,2,4
12,14,20,3450311,5,4,3,1
13,10,15,3387190,6,2,5,3
14,13,15,5527630,2,6,4
15,15,16,7536966,3,4,6
16,11,17,2616100,1,0,6,5,2,4
17,12,15,4799916,2,5,6
18,6,13,10313775,4,0,5,1,2
19,11,13,810817,4,1,5
20,11,16,2187347,4,5,1,2,0,3
21,6,8,11133208,0,6,3,1
22,11,17,1695050,1,0,6,3,4,2
23,5,15,2430363,5,2,6,4,3
24,15,17,6042414,2,5,1,6,3,0
25,12,15,995858,5,2,3,4,6,1
26,5,14,1641941,4,3,5,1,0,2
27,8,15,10006275,6,5,4,2,0
28,15,20,11827988,2,5,3,4,0
29,13,15,5019062,3,0,5,4
30,7,15,1304164,1,4,6
31,15,19,874899,5,0,6,2,1,3
32,13,14,816490,1,5,0,2,4
33,7,14,874658,5,0,6,4
34,16,17,894974,1,5,2
35,5,15,7797991,5,6,1,4
36,9,15,6121331,4,5,6,3
37,11,15,7905003,2,5,1,4
38,6,11,4666308,5,3,2,6,0,4
39,10,16,1059196,1,6,3,0,4,2
40,14,19,4449206,5,0,2
41,13,15,1617533,5,2,4
42,6,13,1631169,5,4,6,2,3,1
43,10,15,6394862,3,1,6,4,2
44,11,19,1530665,2,3,5,4,6
45,4,6,1509810,4,1,3,6
46,10,12,163305567,4,5,1
47,11,20,1203371,6,0,2,1
48,6,13,10313775,4,0,5,1,2
49,7,15,1304164,1,4,6
50,14,20,4595428,1,6,5
51,10,12,163305567,4,5,1
52,11,16,3595169,2,1,3
53,14,15,3942434,1,6,2,3
54,11,16,1719433,2,0,3,1
55,4,15,13810050,6,2,0
56,4,15,6299030,3,4,0
57,6,8,15583120,2,6,5
58,11,14,1284694,0,1,4
59,6,7,51468610,2,4,5,0,6
60,11,15,7970469,0,4,3,5
61,6,19,9067239,2,5,1,6,4
62,1,7,1328482,2,1,3,5,6
63,6,8,7384842,6,1,4
64,1,15,2316338,6,3,2
65,10,16,1040154,5,4,2,1
66,6,8,7384842,6,1,4
67,11,13,810817,4,1,5
68,10,20,1762123,2,5,6,0,4
69,1,7,3765065,3,5,4,2,0
70,5,15,7797991,5,6,1,4
71,9,15,7670213,6,5,4
72,12,16,5067296,2,0,3,1,4,6
73,15,17,7709755,3,5,2
74,9,15,4486788,4,6,5,0,2,3
75,7,19,6428818,4,5,1
76,1,7,3108988,5,2,1,0,6
77,11,20,1170541,0,4,1,2,5,6
78,6,16,7454182,2,6,4,5,0
79,14,15,7563211,3,6,0,2,4,1
80,14,20,3499136,1,2,3,4,6
81,8,15,3562769,3,4,0,6,5
82,9,16,998622,6,4,0,2
83,1,4,7124608,1,3,0,5,6
84,3,14,1067859,2,3,1,4
85,11,13,1613326,6,2,1,5,0,3
86,10,20,4609189,6,3,4,2,5
87,10,12,163305567,4,5,1
88,12,14,1440375,0,5,1,4,2,3
89,11,17,1240944,3,2,4,0,1
90,10,17,2302052,1,6,2
91,6,11,3767919,3,2,5,4,6
92,7,19,3284884,4,0,5,6
93,11,12,2885196,4,5,2,0,1
94,10,15,2938013,6,1,4,2,5,0
95,14,15,6863430,2,3,0,5
96,10,20,1422849,2,3,5,6
97,10,15,2321921,0,4,2
98,12,16,1490118,5,0,2
99,11,14,1284694,0,1,4
100,10,11,977985,2,1,6
101,3,15,1919857,1,4,6,3,5
102,10,20,3113753,5,3,6,2,4,0
103,12,15,4799916,2,5,6
104,4,19,1023652,2,0,6,3,4
105,6,8,11133208,0,6,3,1
106,7,15,1304164,1,4,6
107,1,15,11769774,6,2,5,0,1,3
108,10,15,3387190,6,2,5,3
109,14,19,4665192,4,3,6
110,15,19,14206809,3,0,6,5,1,2
111,11,20,1130854,5,3,2,1,0,4
112,10,17,2302052,1,6,2
113,15,16,1498346,5,1,0,6
114,15,16,9028917,2,4,0,6,1
115,10,12,163305567,4,5,1
116,1,15,11769774,6,2,5,0,1,3
117,1,15,4179459,2,0,5,3,1,4
118,6,20,3446988,1,5,0,2,3,4
119,13,15,5019062,3,0,5,4
120,12,14,1045590,6,4,0,3
121,15,20,11730820,5,3,6,2,1,4
122,6,20,7036303,4,3,5,1
123,1,15,2316338,6,3,2
124,7,19,2334233,6,4,5
125,10,16,1059196,1,6,3,0,4,2
126,13,15,1617533,5,2,4
127,10,14,979170,0,5,1,2,3
128,15,16,7536966,3,4,6
129,6,16,878901,0,6,3
130,11,15,5154285,5,4,3,1,6,2
131,9,15,5353702,0,1,4,2,6,3
132,10,15,166469809,2,3,6,1,4
133,4,15,6299030,3,4,0
134,4,15,5877264,0,5,3,2
135,4,11,815196,1,3,2,6,4
136,12,14,958995,0,5,2,4,1
137,14,15,4503350,3,1,0,6
138,7,14,874658,5,0,6,4
139,1,7,3388428,1,5,2,3,0
140,14,16,1631183,3,2,4
141,11,15,4328803,6,1,0
142,10,20,3113753,5,3,6,2,4,0
143,12,15,995858,5,2,3,4,6,1
144,14,17,4920487,2,4,6,3
145,13,17,10990050,6,2,0,4
146,14,15,3720795,5,0,4,6
147,13,15,5019062,3,0,5,4
148,14,19,2558701,1,0,4
149,15,20,11827988,2,5,3,4,0
150,15,20,14910933,1,5,2,6,3,4
151,12,14,958995,0,5,2,4,1
152,6,16,4003747,5,1,3,2
153,13,15,3382071,1,3,0,2,4
154,1,15,1248824,2,4,6,5,1
155,5,15,3446220,3,4,6,2
156,11,19,1530665,2,3,5,4,6
157,11,15,4328803,6,1,0
158,1,7,4285602,0,3,2,4,5,6
159,6,13,4694434,4,3,0,6,2,1
160,11,15,5297367,6,4,0,5
161,11,19,1245643,5,1,6
162,14,16,3644755,4,3,1
163,6,7,51468610,2,4,5,0,6
164,4,6,1509810,4,1,3,6
165,10,17,17022243,4,1,5
166,10,20,2513649,2,0,1,3
167,11,20,1203371,6,0,2,1
168,14,16,904626,3,0,2,5,1
169,11,14,1419307,4,6,3
170,15,19,6181203,1,2,3
171,11,16,4095855,2,0,1,6,5
172,8,15,7031232,4,3,2,6,1,5
173,1,15,1248824,2,4,6,5,1
174,10,16,1040154,5,4,2,1
175,10,15,3387190,6,2,5,3
176,13,15,13756304,4,6,5,0
177,6,16,21022180,6,5,1
178,15,17,2996760,3,1,5,2,6
179,3,15,1976858,3,0,6,5,4
180,7,14,874658,5,0,6,4
181,15,20,18742960,5,3,2,1
182,13,14,816490,1,5,0,2,4
183,8,15,7031232,4,3,2,6,1,5
184,6,8,12102480,2,5,3,6,1,4
185,15,19,10081440,0,5,4
186,12,14,958995,0,5,2,4,1
187,10,17,2302052,1,6,2
188,11,16,2483700,4,5,3,6,0,2
189,11,19,1115921,0,5,6
190,11,19,1115921,0,5,6
191,1,15,15536635,2,4,3,1
192,1,15,11769774,6,2,5,0,1,3
193,11,19,1115921,0,5,6
194,11,16,4095855,2,0,1,6,5
195,14,19,4449206,5,0,2
196,14,15,3500960,2,6,3,4,5,1
197,1,15,11769774,6,2,5,0,1,3
198,15,19,10081440,0,5,4
199,12,15,1060048,0,6,5,4
200,13,15,3382071,1,3,0,2,4
201,14,20,1180626,1,2,3,5,0
202,14,20,4747554,4,3,2,6,5
203,10,15,6394862,3,1,6,4,2
204,6,16,21022180,6,5,1
205,15,19,5957353,5,4,3
206,14,16,3644755,4,3,1
207,10,14,812773,3,2,5,0,6,1
208,4,15,9500472,0,1,6
209,6,20,2937439,4,0,5,6,2,1
210,15,19,5954096,4,1,0
211,4,13,1390235,4,0,2,1,6,3
212,12,14,1045590,6,4,0,3
213,6,8,11133208,0,6,3,1
214,12,16,5067296,2,0,3,1,4,6
215,14,15,3720795,5,0,4,6
216,10,14,979170,0,5,1,2,3
217,11,15,4328803,6,1,0
218,6,13,4694434,4,3,0,6,2,1
219,4,13,1390235,4,0,2,1,6,3
220,14,20,3499136,1,2,3,4,6
221,11,16,1719433,2,0,3,1
222,9,15,5353702,0,1,4,2,6,3
223,14,19,2770618,3,2,1,4
224,15,17,6578460,0,3,4,5,6
225,6,20,3228995,3,1,6
226,12,17,5862850,1,0,2,4
227,7,15,1304164,1,4,6
228,11,16,1219329,4,2,3,0,1
229,11,16,1219329,4,2,3,0,1
230,10,12,163305567,4,5,1
231,14,20,1180626,1,2,3,5,0
232,8,15,2662028,2,4,0,6,5
233,15,17,3502944,0,6,2,4,1,3
234,3,15,1976858,3,0,6,5,4
235,10,17,8595607,0,4,3
236,15,19,6181203,1,2,3
237,3,14,1067859,2,3,1,4
238,13,15,13756304,4,6,5,0
239,10,14,879888,3,0,1
240,13,14,948896,5,6,4,1,3,0
241,6,16,878901,0,6,3
242,11,12,2885196,4,5,2,0,1
243,11,12,4145669,0,5,1,4,6,2
244,12,15,4799916,2,5,6
245,15,20,18742960,5,3,2,1
246,11,16,4095855,2,0,1,6,5
247,11,20,2438364,6,2,4
248,10,14,812773,3,2,5,0,6,1
249,15,19,5957353,5,4,3
250,1,7,3388428,1,5,2,3,0
251,10,20,1762123,2,5,6,0,4
252,9,16,998622,6,4,0,2
253,4,11,815196,1,3,2,6,4
254,14,19,2770618,3,2,1,4
255,11,16,2957536,0,4,1,6,5
256,15,17,4608356,2,3,0,1
257,4,15,9500472,0,1,6
258,10,14,879888,3,0,1
259,7,15,1142854,0,6,2,4
260,12,17,5862850,1,0,2,4
261,7,15,1304164,1,4,6
262,15,19,5954096,4,1,0
263,6,15,3454630,1,0,3,5,6,2
264,11,15,7970469,0,4,3,5
265,11,13,810817,4,1,5
266,9,15,4486788,4,6,5,0,2,3
267,13,15,3382071,1,3,0,2,4
268,10,16,1059196,1,6,3,0,4,2
269,12,14,1440375,0,5,1,4,2,3
270,10,14,812773,3,2,5,0,6,1
271,14,15,4503350,3,1,0,6
272,1,10,17134316,4,3,0,6
273,5,14,1641941,4,3,5,1,0,2
274,3,14,1067859,2,3,1,4
275,5,15,3446220,3,4,6,2
276,14,19,4665192,4,3,6
277,11,16,4189120,3,1,2
278,6,8,26334480,3,0,1,2,6
279,5,6,2333342,1,4,3
280,11,19,2496601,0,5,1
281,4,8,949227,4,0,3,6,1
282,12,15,1060048,0,6,5,4
283,14,20,1180626,1,2,3,5,0
284,15,20,18742960,5,3,2,1
285,1,7,3388428,1,5,2,3,0
286,15,20,25342157,4,0,2,5,6
287,1,15,11769774,6,2,5,0,1,3
288,5,14,1641941,4,3,5,1,0,2
289,12,16,5067296,2,0,3,1,4,6
290,10,17,17022243,4,1,5
291,14,20,4595428,1,6,5
292,6,7,51468610,2,4,5,0,6
293,1,15,4179459,2,0,5,3,1,4
294,10,20,1762123,2,5,6,0,4
295,15,19,10081440,0,5,4
296,11,20,2438364,6,2,4
297,14,16,904626,3,0,2,5,1
298,14,17,4029393,3,0,2,6,5,1
299,10,12,163305567,4,5,1
300,10,17,17022243,4,1,5
301,11,15,4328803,6,1,0
302,6,16,21022180,6,5,1
303,1,7,3108988,5,2,1,0,6
304,9,12,1157334,4,6,0
305,4,15,13810050,6,2,0
306,7,19,6428818,4,5,1
307,10,17,8595607,0,4,3
308,14,19,4665192,4,3,6
309,14,17,4241803,2,3,1,0,6,5
310,8,14,1192235,1,5,6,2,4
311,9,15,9659538,6,4,2
312,4,15,5877264,0,5,3,2
313,11,15,5154285,5,4,3,1,6,2
314,15,17,7709755,3,5,2
315,9,15,7455870,4,2,1,0,5
316,14,20,4747554,4,3,2,6,5
317,13,14,948896,5,6,4,1,3,0
318,15,17,7709755,3,5,2
319,10,15,4442472,3,1,6,4,0
320,14,16,1934551,3,6,0
321,10,17,8595607,0,4,3
322,11,13,4079420,3,0,5
323,8,15,7031232,4,3,2,6,1,5
324,9,16,818198,4,6,2,1,3,5
325,7,19,2334233,6,4,5
326,10,15,4442472,3,1,6,4,0
327,6,15,5711147,5,3,0,6
328,15,19,874899,5,0,6,2,1,3
329,14,19,4449206,5,0,2
330,13,15,3382071,1,3,0,2,4
331,16,17,894974,1,5,2
332,1,15,15536635,2,4,3,1
333,5,15,4393013,4,2,6
334,15,19,14206809,3,0,6,5,1,2
335,10,13,31740447,6,3,4,5
336,4,15,5285815,5,3,4,1,6
337,11,14,1419307,4,6,3
338,1,15,2316338,6,3,2
339,4,8,949227,4,0,3,6,1
340,9,12,1157334,4,6,0
341,3,15,1717322,3,4,0,2
342,14,19,7353196,0,1,4,5
343,14,17,6732345,2,3,1,6,5,0
344,6,7,51468610,2,4,5,0,6
345,10,14,979170,0,5,1,2,3
346,15,16,9028917,2,4,0,6,1
347,6,13,2181532,4,5,2,0,1
348,11,16,1719433,2,0,3,1
349,6,8,9146089,6,1,3,5
350,11,14,1284694,0,1,4
351,13,15,837621,5,4,2,6,3,1
352,12,16,1490118,5,0,2
353,9,12,1157334,4,6,0
354,14,16,1631183,3,2,4
355,6,19,10185624,6,4,0,3,5,1
356,11,20,1170541,0,4,1,2,5,6
357,14,16,1934551,3,6,0
358,12,14,1440375,0,5,1,4,2,3
359,14,17,4029393,3,0,2,6,5,1
360,6,19,3864387,2,4,5
361,6,13,10313775,4,0,5,1,2
362,4,6,1509810,4,1,3,6
363,15,17,7709755,3,5,2
364,9,14,1468262,0,5,4
365,11,16,1219329,4,2,3,0,1
366,13,15,5019062,3,0,5,4
367,5,15,4350510,3,0,2,6
368,10,20,4609189,6,3,4,2,5
369,15,20,18742960,5,3,2,1
370,6,16,2043172,3,5,6
371,14,20,4747554,4,3,2,6,5
372,6,15,8273765,6,3,0,4,1
373,7,14,874658,5,0,6,4
374,3,15,1168878,6,3,4
375,11,19,1530665,2,3,5,4,6
376,11,16,2187347,4,5,1,2,0,3
377,1,7,3388428,1,5,2,3,0
378,11,14,3165109,3,4,6
379,6,13,1082273,3,5,1,4,0,2
380,15,17,3502944,0,6,2,4,1,3
381,14,16,3644755,4,3,1
382,6,11,4666308,5,3,2,6,0,4
383,8,15,10006275,6,5,4,2,0
384,10,20,1762123,2,5,6,0,4
385,6,13,10313775,4,0,5,1,2
386,13,15,1617533,5,2,4
387,7,16,1377177,2,6,0
388,4,11,815196,1,3,2,6,4
389,6,8,26334480,3,0,1,2,6
390,6,15,8273765,6,3,0,4,1
391,14,16,1631183,3,2,4
392,6,14,2460964,2,6,3,4
393,1,15,4179459,2,0,5,3,1,4
394,3,15,1717322,3,4,0,2
395,6,16,5501332,4,1,6,0,5,2
396,14,15,6863430,2,3,0,5
397,11,20,3004715,6,4,0,5
398,11,20,1170541,0,4,1,2,5,6
399,14,19,2770618,3,2,1,4
400,13,14,815283,3,5,1,4,0
401,13,15,837621,5,4,2,6,3,1
402,12,14,1045590,6,4,0,3
403,6,15,4116448,4,0,1,2
404,14,16,1934551,3,6,0
405,12,15,4799916,2,5,6
406,10,17,17022243,4,1,5
407,6,15,4116448,4,0,1,2
408,6,8,15583120,2,6,5
409,14,19,7353196,0,1,4,5
410,15,19,3978597,4,0,6,1
411,1,7,4285602,0,3,2,4,5,6
412,6,20,5663041,0,2,4,6,1
413,4,19,1023652,2,0,6,3,4
414,8,14,1096050,6,4,2
415,5,14,1641941,4,3,5,1,0,2
416,11,16,2187347,4,5,1,2,0,3
417,15,20,18742960,5,3,2,1
418,1,15,4179459,2,0,5,3,1,4
419,13,15,5019062,3,0,5,4
420,14,15,4503350,3,1,0,6
421,14,17,2582409,1,0,2,3,4
422,11,14,1419307,4,6,3
423,11,19,2496601,0,5,1
424,9,15,9659538,6,4,2
425,14,17,6732345,2,3,1,6,5,0
426,11,15,7905003,2,5,1,4
427,1,15,2284140,1,6,2
428,11,16,2187347,4,5,1,2,0,3
429,15,20,18742960,5,3,2,1
430,4,11,815196,1,3,2,6,4
431,6,13,2181532,4,5,2,0,1
432,6,20,5663041,0,2,4,6,1
433,6,20,2937439,4,0,5,6,2,1
434,7,15,1142854,0,6,2,4
435,6,15,17977963,4,6,1,2
436,15,16,6124172,4,5,2,6,1,3
437,15,16,9028917,2,4,0,6,1
438,11,14,1284694,0,1,4
439,12,14,1440375,0,5,1,4,2,3
440,6,19,9067239,2,5,1,6,4
441,11,16,2957536,0,4,1,6,5
442,11,19,1530665,2,3,5,4,6
443,10,15,4442472,3,1,6,4,0
444,9,13,822540,4,5,1,2,0
445,13,15,1617533,5,2,4
446,14,19,4312493,0,1,5
447,10,15,5654580,3,4,5,1,6
448,14,17,4029393,3,0,2,6,5,1
449,4,8,949227,4,0,3,6,1
450,1,15,2284140,1,6,2
451,7,15,1304164,1,4,6
452,6,13,4322382,3,1,4,6,2
453,10,14,812773,3,2,5,0,6,1
454,13,15,5527630,2,6,4
455,11,17,2616100,1,0,6,5,2,4
456,6,20,3228995,3,1,6
457,6,20,2937439,4,0,5,6,2,1
458,5,15,4350510,3,0,2,6
459,11,16,1219329,4,2,3,0,1
460,11,17,1695050,1,0,6,3,4,2
461,11,14,1419307,4,6,3
462,7,19,4488051,0,6,2,5,1,4
463,10,11,977985,2,1,6
464,15,17,3502944,0,6,2,4,1,3
465,1,7,3108988,5,2,1,0,6
466,11,20,2438364,6,2,4
467,9,15,9659538,6,4,2
468,15,19,3978597,4,0,6,1
469,6,13,10313775,4,0,5,1,2
470,10,17,2302052,1,6,2
471,16,17,894974,1,5,2
472,8,15,15951002,6,1,4
473,11,13,810817,4,1,5
474,6,15,5711147,5,3,0,6
475,15,19,10081440,0,5,4
476,8,14,1192235,1,5,6,2,4
477,10,14,879888,3,0,1
478,11,20,1170541,0,4,1,2,5,6
479,6,20,2937439,4,0,5,6,2,1
480,10,11,977985,2,1,6
481,5,15,8263371,2,6,4,5,1,3
482,15,19,5954096,4,1,0
483,6,20,2937439,4,0,5,6,2,1
484,10,20,3113753,5,3,6,2,4,0
485,10,17,17022243,4,1,5
486,10,20,1422849,2,3,5,6
487,10,15,2938013,6,1,4,2,5,0
488,1,5,1182180,1,4,6,3,0
489,6,20,7036303,4,3,5,1
490,5,6,2333342,1,4,3
491,10,19,5849629,0,4,5,1,6,3
492,15,20,25342157,4,0,2,5,6
493,11,16,4189120,3,1,2
494,5,6,2333342,1,4,3
495,3,15,1440795,2,5,1,3,6
496,15,19,10081440,0,5,4
497,6,19,3864387,2,4,5
498,10,11,977985,2,1,6
499,15,17,2996760,3,1,5,2,6
500,11,14,1284694,0,1,4
501,6,16,5501332,4,1,6,0,5,2
502,1,7,4285602,0,3,2,4,5,6
503,1,7,3108988,5,2,1,0,6
504,11,19,1245643,5,1,6
505,11,13,1613326,6,2,1,5,0,3
506,15,20,32411037,6,3,2,5,4,0
507,11,20,1203371,6,0,2,1
508,11,20,3004715,6,4,0,5
509,15,20,25342157,4,0,2,5,6
510,13,15,1797075,2,3,4,0,5
511,15,16,9028917,2,4,0,6,1
512,11,13,1613326,6,2,1,5,0,3
513,3,15,1976858,3,0,6,5,4
514,1,15,11769774,6,2,5,0,1,3
515,13,15,837621,5,4,2,6,3,1
516,14,20,4747554,4,3,2,6,5
517,6,13,1631169,5,4,6,2,3,1
518,6,8,7384842,6,1,4
519,11,15,5154285,5,4,3,1,6,2
520,12,14,1440375,0,5,1,4,2,3
521,5,6,2333342,1,4,3
522,6,16,5301783,4,5,1,6
523,9,14,1468262,0,5,4
524,4,11,815196,1,3,2,6,4
525,9,15,5353702,0,1,4,2,6,3
526,8,15,10006275,6,5,4,2,0
527,15,20,18742960,5,3,2,1
528,11,16,1219329,4,2,3,0,1
529,1,7,3765065,3,5,4,2,0
530,7,19,6428818,4,5,1
531,9,15,5353702,0,1,4,2,6,3
532,11,17,1695050,1,0,6,3,4,2
533,14,19,4665192,4,3,6
534,6,16,5301783,4,5,1,6
535,13,15,5527630,2,6,4
536,10,15,6394862,3,1,6,4,2
537,9,16,998622,6,4,0,2
538,15,16,9028917,2,4,0,6,1
539,9,15,7670213,6,5,4
540,6,8,26334480,3,0,1,2,6
541,14,17,4920487,2,4,6,3
542,10,19,5849629,0,4,5,1,6,3
543,4,8,949227,4,0,3,6,1
544,6,15,17977963,4,6,1,2
545,10,15,4442472,3,1,6,4,0
546,10,20,1762123,2,5,6,0,4
547,6,11,4666308,5,3,2,6,0,4
548,15,17,2440939,2,6,5,4,0,1
549,15,20,11730820,5,3,6,2,1,4
550,6,8,7384842,6,1,4
551,10,17,2302052,1,6,2
552,15,17,6578460,0,3,4,5,6
553,15,16,1498346,5,1,0,6
554,11,19,1530665,2,3,5,4,6
555,5,14,1641941,4,3,5,1,0,2
556,16,17,894974,1,5,2
557,6,20,5663041,0,2,4,6,1
558,5,15,3446220,3,4,6,2
559,12,14,1045590,6,4,0,3
560,11,20,1130854,5,3,2,1,0,4
561,1,15,2284140,1,6,2
562,11,14,3770268,1,4,3,6,2,0
563,12,17,5862850,1,0,2,4
564,1,20,1049818,0,5,3
565,7,16,1377177,2,6,0
566,11,12,2957306,3,6,4,5,2,0
567,7,19,3284884,4,0,5,6
568,14,15,6863430,2,3,0,5
569,9,16,818198,4,6,2,1,3,5
570,4,15,9500472,0,1,6
571,12,15,1060048,0,6,5,4
572,12,14,958995,0,5,2,4,1
573,14,15,6961711,0,6,1,3,2,5
574,14,16,1934551,3,6,0
575,10,11,977985,2,1,6
576,6,16,878901,0,6,3
577,6,13,2710420,6,4,3,1
578,13,14,815283,3,5,1,4,0
579,4,15,6299030,3,4,0
580,6,8,7384842,6,1,4
581,9,14,1468262,0,5,4
582,6,16,878901,0,6,3
583,10,13,31740447,6,3,4,5
584,14,15,6961711,0,6,1,3,2,5
585,11,13,1613326,6,2,1,5,0,3
586,10,14,979170,0,5,1,2,3
587,1,7,4285602,0,3,2,4,5,6
588,15,16,1498346,5,1,0,6
589,6,20,2937439,4,0,5,6,2,1
590,6,15,4116448,4,0,1,2
591,13,15,1797075,2,3,4,0,5
592,6,20,3228995,3,1,6
593,12,17,5862850,1,0,2,4
594,6,16,5301783,4,5,1,6
595,6,20,3446988,1,5,0,2,3,4
596,5,14,2538692,0,2,1,3
597,14,17,6732345,2,3,1,6,5,0
598,14,20,1180626,1,2,3,5,0
599,6,15,17977963,4,6,1,2
600,12,15,4799916,2,5,6
601,11,14,1284694,0,1,4
602,6,16,5501332,4,1,6,0,5,2
603,8,15,10006275,6,5,4,2,0
604,11,14,3165109,3,4,6
605,14,15,3720795,5,0,4,6
606,3,15,1168878,6,3,4
607,4,15,5285815,5,3,4,1,6
608,6,8,26334480,3,0,1,2,6
609,13,15,3382071,1,3,0,2,4
610,1,20,1049818,0,5,3
611,12,16,1490118,5,0,2
612,10,15,6394862,3,1,6,4,2
613,11,16,1719433,2,0,3,1
614,15,19,6181203,1,2,3
615,11,16,2483700,4,5,3,6,0,2
616,7,19,6428818,4,5,1
617,11,20,3004715,6,4,0,5
618,11,14,3165109,3,4,6
619,1,10,17134316,4,3,0,6
620,7,19,6428818,4,5,1
621,13,14,1138090,6,0,2,4
622,3,15,1919857,1,4,6,3,5
623,4,15,5877264,0,5,3,2
624,1,15,1248824,2,4,6,5,1
625,6,13,2710420,6,4,3,1
626,3,7,1383881,5,2,4,0,1,3
627,11,20,1130854,5,3,2,1,0,4
628,6,8,11133208,0,6,3,1
629,1,15,4179459,2,0,5,3,1,4
630,11,16,4095855,2,0,1,6,5
631,11,15,5297367,6,4,0,5
632,4,15,5877264,0,5,3,2
633,14,20,7053871,1,5,0
634,5,15,2725137,1,5,4,0,6
635,14,15,6961711,0,6,1,3,2,5
636,4,15,13810050,6,2,0
637,14,19,4449206,5,0,2
638,11,16,2187347,4,5,1,2,0,3
639,11,16,1219329,4,2,3,0,1
640,9,15,4486788,4,6,5,0,2,3
641,15,17,6042414,2,5,1,6,3,0
642,11,20,3004715,6,4,0,5
643,9,15,4486788,4,6,5,0,2,3
644,15,16,7536966,3,4,6
645,3,15,1919857,1,4,6,3,5
646,7,19,3284884,4,0,5,6
647,1,15,1248824,2,4,6,5,1
648,14,17,4920487,2,4,6,3
649,3,14,1067859,2,3,1,4
650,10,14,812773,3,2,5,0,6,1
651,6,15,4116448,4,0,1,2
652,13,15,5527630,2,6,4
653,10,15,2321921,0,4,2
654,15,19,6181203,1,2,3
655,7,19,3284884,4,0,5,6
656,6,11,3834024,2,4,1,5,0,6
657,13,15,1617533,5,2,4
658,15,19,5957353,5,4,3
659,5,15,4350510,3,0,2,6
660,15,16,1498346,5,1,0,6
661,15,20,25342157,4,0,2,5,6
662,11,20,3004715,6,4,0,5
663,9,13,822540,4,5,1,2,0
664,14,17,2582409,1,0,2,3,4
665,6,14,2460964,2,6,3,4
666,12,16,5067296,2,0,3,1,4,6
667,14,19,4312493,0,1,5
668,9,15,5353702,0,1,4,2,6,3
669,15,16,1498346,5,1,0,6
