0,11,12,4145669,0,5,1,4,6,2
1,12,16,1490118,5,0,2
2,6,8,15583120,2,6,5
3,13,15,3382071,1,3,0,2,4
4,10,15,2321921,0,4,2
5,15,19,2688976,4,3,6,2
6,9,15,7455870,4,2,1,0,5
7,10,14,879888,3,0,1
8,14,16,3644755,4,3,1
9,13,15,1617533,5,2,4
10,11,20,3004715,6,4,0,5
11,13,15,1617533,5,2,4
12,14,15,3500960,2,6,3,4,5,1
13,14,15,6863430,2,3,0,5
14,6,13,10313775,4,0,5,1,2
15,11,12,4145669,0,5,1,4,6,2
16,11,17,2616100,1,0,6,5,2,4
17,6,16,6603024,4,3,0,6,1,2
18,14,15,9983590,3,6,2
19,13,15,1797075,2,3,4,0,5
20,11,19,1530665,2,3,5,4,6
21,6,7,51468610,2,4,5,0,6
22,15,19,5954096,4,1,0
23,11,16,3595169,2,1,3
24,15,19,6181203,1,2,3
25,1,20,1049818,0,5,3
26,11,16,2187347,4,5,1,2,0,3
27,6,13,5939223,3,2,0,6,5,4
28,14,20,1180626,1,2,3,5,0
29,10,16,1059196,1,6,3,0,4,2
30,11,20,2438364,6,2,4
31,14,15,3500960,2,6,3,4,5,1
32,14,17,4241803,2,3,1,0,6,5
33,4,13,1390235,4,0,2,1,6,3
34,10,20,2513649,2,0,1,3
35,8,15,3562769,3,4,0,6,5
36,11,14,3770268,1,4,3,6,2,0
37,9,15,7670213,6,5,4
38,11,16,1219329,4,2,3,0,1
39,14,15,7563211,3,6,0,2,4,1
40,1,15,1248824,2,4,6,5,1
41,6,16,7454182,2,6,4,5,0
42,14,19,4665192,4,3,6
43,1,15,11769774,6,2,5,0,1,3
44,14,20,3450311,5,4,3,1
45,13,17,10990050,6,2,0,4
46,14,16,1631183,3,2,4
47,6,16,878901,0,6,3
48,10,20,8681289,3,2,5,0,4
49,1,15,4179459,2,0,5,3,1,4
50,11,12,4145669,0,5,1,4,6,2
51,14,19,7353196,0,1,4,5
52,3,7,1383881,5,2,4,0,1,3
53,10,16,1040154,5,4,2,1
54,12,14,958995,0,5,2,4,1
55,1,4,7124608,1,3,0,5,6
56,10,20,1762123,2,5,6,0,4
57,14,19,1850369,3,4,1,6,2,5
58,6,13,1082273,3,5,1,4,0,2
59,11,20,3004715,6,4,0,5
60,12,14,958995,0,5,2,4,1
61,8,15,2662028,2,4,0,6,5
62,11,13,1613326,6,2,1,5,0,3
63,6,16,5501332,4,1,6,0,5,2
64,6,13,5939223,3,2,0,6,5,4
65,6,8,9146089,6,1,3,5
66,11,16,1219329,4,2,3,0,1
67,7,19,2334233,6,4,5
68,6,13,10313775,4,0,5,1,2
69,1,7,4285602,0,3,2,4,5,6
70,9,15,5353702,0,1,4,2,6,3
71,13,17,10990050,6,2,0,4
72,1,15,4179459,2,0,5,3,1,4
73,12,14,958995,0,5,2,4,1
74,6,11,6038026,6,1,5,3
75,1,5,1182180,1,4,6,3,0
76,14,19,6196808,4,5,6,1,2,0
77,6,15,2623610,6,5,4,0
78,10,19,9229911,2,1,4,5
79,14,19,6196808,4,5,6,1,2,0
80,9,12,1157334,4,6,0
81,14,19,1850369,3,4,1,6,2,5
82,11,12,2885196,4,5,2,0,1
83,11,15,5154285,5,4,3,1,6,2
84,14,17,4920487,2,4,6,3
85,10,20,1762123,2,5,6,0,4
86,3,15,1717322,3,4,0,2
87,7,15,1142854,0,6,2,4
88,12,14,1045590,6,4,0,3
89,10,15,6394862,3,1,6,4,2
90,8,15,4784861,0,3,6
91,15,17,6578460,0,3,4,5,6
92,9,15,5353702,0,1,4,2,6,3
93,1,15,2316338,6,3,2
94,11,14,3165109,3,4,6
95,11,14,1419307,4,6,3
96,13,14,1138090,6,0,2,4
97,5,15,2430363,5,2,6,4,3
98,15,20,11730820,5,3,6,2,1,4
99,11,14,1284694,0,1,4
100,6,8,7384842,6,1,4
101,11,16,1219329,4,2,3,0,1
102,11,16,2957536,0,4,1,6,5
103,1,4,7124608,1,3,0,5,6
104,6,13,10313775,4,0,5,1,2
105,11,17,2061838,5,4,3,6
106,11,15,7970469,0,4,3,5
107,15,19,5954096,4,1,0
108,11,19,1530665,2,3,5,4,6
109,1,7,3765065,3,5,4,2,0
110,14,16,1631183,3,2,4
111,1,7,1328482,2,1,3,5,6
112,6,11,3767919,3,2,5,4,6
113,14,19,7353196,0,1,4,5
114,11,15,5154285,5,4,3,1,6,2
115,6,8,26334480,3,0,1,2,6
116,6,19,3864387,2,4,5
117,7,19,6428818,4,5,1
118,12,15,4674551,4,3,5,0
119,11,15,7970469,0,4,3,5
120,10,12,163305567,4,5,1
121,10,15,3387190,6,2,5,3
122,13,17,10990050,6,2,0,4
123,10,15,2938013,6,1,4,2,5,0
124,7,19,2334233,6,4,5
125,6,15,3454630,1,0,3,5,6,2
126,1,7,1328482,2,1,3,5,6
127,6,20,3228995,3,1,6
128,6,13,1631169,5,4,6,2,3,1
129,15,17,6578460,0,3,4,5,6
130,9,15,4486788,4,6,5,0,2,3
131,14,15,7563211,3,6,0,2,4,1
132,7,14,874658,5,0,6,4
133,14,20,1180626,1,2,3,5,0
134,12,14,1045590,6,4,0,3
135,14,17,2582409,1,0,2,3,4
136,10,12,1145881,5,1,0,3,4,2
137,10,15,6394862,3,1,6,4,2
138,1,5,1182180,1,4,6,3,0
139,4,6,1509810,4,1,3,6
140,8,15,4784861,0,3,6
141,10,14,812773,3,2,5,0,6,1
142,1,15,15536635,2,4,3,1
143,13,17,10990050,6,2,0,4
144,7,19,6428818,4,5,1
145,15,20,32411037,6,3,2,5,4,0
146,15,16,1498346,5,1,0,6
147,14,19,10515141,6,2,3,4
148,7,19,3284884,4,0,5,6
149,9,13,822540,4,5,1,2,0
150,6,20,5663041,0,2,4,6,1
151,8,14,1096050,6,4,2
152,8,14,1096050,6,4,2
153,10,17,2302052,1,6,2
154,10,17,8595607,0,4,3
155,1,7,4285602,0,3,2,4,5,6
156,11,14,3770268,1,4,3,6,2,0
157,9,16,998622,6,4,0,2
158,13,17,10990050,6,2,0,4
159,6,20,1880071,4,0,5,3
160,9,15,7670213,6,5,4
161,10,14,812773,3,2,5,0,6,1
162,15,17,3502944,0,6,2,4,1,3
163,11,16,2957536,0,4,1,6,5
164,8,14,1096050,6,4,2
165,12,16,1490118,5,0,2
166,5,15,2725137,1,5,4,0,6
167,10,15,166469809,2,3,6,1,4
168,12,14,1045590,6,4,0,3
169,6,19,10185624,6,4,0,3,5,1
170,7,19,2334233,6,4,5
171,6,16,2043172,3,5,6
172,4,15,5877264,0,5,3,2
173,14,15,3500960,2,6,3,4,5,1
174,1,7,2277680,6,0,5
175,13,15,1797075,2,3,4,0,5
176,12,14,958995,0,5,2,4,1
177,4,15,5877264,0,5,3,2
178,15,20,18742960,5,3,2,1
179,6,13,1082273,3,5,1,4,0,2
180,6,13,2181532,4,5,2,0,1
181,6,20,3446988,1,5,0,2,3,4
182,10,17,2302052,1,6,2
183,14,19,7353196,0,1,4,5
184,13,15,13756304,4,6,5,0
185,14,19,4665192,4,3,6
186,11,19,2496601,0,5,1
187,4,15,13810050,6,2,0
188,14,17,4241803,2,3,1,0,6,5
189,14,16,1934551,3,6,0
190,1,7,4285602,0,3,2,4,5,6
191,4,15,5285815,5,3,4,1,6
192,9,16,818198,4,6,2,1,3,5
193,10,19,5849629,0,4,5,1,6,3
194,7,15,1304164,1,4,6
195,15,19,6181203,1,2,3
196,6,15,5711147,5,3,0,6
197,11,20,1130854,5,3,2,1,0,4
198,9,15,3905913,4,1,5,6
199,9,15,3905913,4,1,5,6
200,5,15,8263371,2,6,4,5,1,3
201,12,15,995858,5,2,3,4,6,1
202,12,17,5862850,1,0,2,4
203,14,19,7353196,0,1,4,5
204,14,16,1631183,3,2,4
205,12,14,958995,0,5,2,4,1
206,6,20,3446988,1,5,0,2,3,4
207,11,16,4095855,2,0,1,6,5
208,6,14,2460964,2,6,3,4
209,15,19,5954096,4,1,0
210,6,13,2710420,6,4,3,1
211,15,19,5957353,5,4,3
212,7,16,1377177,2,6,0
213,10,15,5654580,3,4,5,1,6
214,9,15,3905913,4,1,5,6
215,15,19,2688976,4,3,6,2
216,14,19,4665192,4,3,6
217,1,15,2284140,1,6,2
218,7,15,2750939,6,3,4,2,5
219,14,16,1850080,1,0,3,2,4,6
220,11,14,1284694,0,1,4
221,10,17,17022243,4,1,5
222,15,16,1498346,5,1,0,6
223,9,16,818198,4,6,2,1,3,5
224,11,15,7970469,0,4,3,5
225,6,8,9146089,6,1,3,5
226,13,14,816490,1,5,0,2,4
227,14,19,4449206,5,0,2
228,11,12,2957306,3,6,4,5,2,0
229,5,15,4393013,4,2,6
230,6,16,5301783,4,5,1,6
231,14,19,10515141,6,2,3,4
232,15,19,6181203,1,2,3
233,14,17,2582409,1,0,2,3,4
234,5,15,2430363,5,2,6,4,3
235,14,16,1631183,3,2,4
236,1,4,7124608,1,3,0,5,6
237,10,20,4609189,6,3,4,2,5
238,13,15,3382071,1,3,0,2,4
239,6,14,2460964,2,6,3,4
240,13,17,10990050,6,2,0,4
241,1,7,1328482,2,1,3,5,6
242,14,19,4449206,5,0,2
243,13,14,815283,3,5,1,4,0
244,12,15,995858,5,2,3,4,6,1
245,14,15,6961711,0,6,1,3,2,5
246,6,15,4116448,4,0,1,2
247,14,15,3500960,2,6,3,4,5,1
248,15,20,25342157,4,0,2,5,6
249,4,15,6299030,3,4,0
250,15,19,874899,5,0,6,2,1,3
251,6,15,17977963,4,6,1,2
252,11,12,3759260,0,1,5,6,2,4
253,9,15,5353702,0,1,4,2,6,3
254,1,15,2284140,1,6,2
255,1,7,2277680,6,0,5
256,4,11,815196,1,3,2,6,4
257,3,15,1976858,3,0,6,5,4
258,10,14,812773,3,2,5,0,6,1
259,11,17,2061838,5,4,3,6
260,7,19,1621541,0,5,1,4,2
261,1,10,17134316,4,3,0,6
262,10,20,8681289,3,2,5,0,4
263,1,15,11769774,6,2,5,0,1,3
264,6,16,7454182,2,6,4,5,0
265,15,17,7709755,3,5,2
266,14,19,4665192,4,3,6
267,1,7,1328482,2,1,3,5,6
268,9,15,9659538,6,4,2
269,7,16,1377177,2,6,0
270,14,20,3499136,1,2,3,4,6
271,14,15,9983590,3,6,2
272,3,15,1168878,6,3,4
273,3,15,1440795,2,5,1,3,6
274,6,20,5663041,0,2,4,6,1
275,11,15,5297367,6,4,0,5
276,6,20,5663041,0,2,4,6,1
277,6,20,2937439,4,0,5,6,2,1
278,6,20,3446988,1,5,0,2,3,4
279,6,11,4666308,5,3,2,6,0,4
280,11,20,1130854,5,3,2,1,0,4
281,1,4,7124608,1,3,0,5,6
282,6,20,5663041,0,2,4,6,1
283,11,15,5297367,6,4,0,5
284,14,20,3450311,5,4,3,1
285,11,19,1115921,0,5,6
286,6,11,3834024,2,4,1,5,0,6
287,11,17,1240944,3,2,4,0,1
288,6,19,10185624,6,4,0,3,5,1
289,12,14,1440375,0,5,1,4,2,3
290,9,15,5353702,0,1,4,2,6,3
291,11,12,4145669,0,5,1,4,6,2
292,9,15,9659538,6,4,2
293,6,20,2937439,4,0,5,6,2,1
294,14,16,1631183,3,2,4
295,9,15,7670213,6,5,4
296,8,15,2662028,2,4,0,6,5
297,12,15,4674551,4,3,5,0
298,7,19,1621541,0,5,1,4,2
299,9,13,822540,4,5,1,2,0
300,4,15,6299030,3,4,0
301,15,17,7709755,3,5,2
302,6,20,5663041,0,2,4,6,1
303,13,14,1138090,6,0,2,4
304,15,17,7709755,3,5,2
305,8,15,2662028,2,4,0,6,5
306,4,15,5877264,0,5,3,2
307,6,20,2937439,4,0,5,6,2,1
308,15,17,7709755,3,5,2
309,6,8,9146089,6,1,3,5
310,4,15,5877264,0,5,3,2
311,12,15,1060048,0,6,5,4
312,6,8,9146089,6,1,3,5
313,15,20,11730820,5,3,6,2,1,4
314,6,13,1082273,3,5,1,4,0,2
315,4,15,6299030,3,4,0
316,3,15,1717322,3,4,0,2
317,14,15,6961711,0,6,1,3,2,5
318,14,15,3720795,5,0,4,6
319,7,15,1142854,0,6,2,4
320,10,19,9229911,2,1,4,5
321,6,20,1880071,4,0,5,3
322,12,15,995858,5,2,3,4,6,1
323,6,13,1082273,3,5,1,4,0,2
324,5,15,7797991,5,6,1,4
325,15,17,6578460,0,3,4,5,6
326,10,15,5654580,3,4,5,1,6
327,13,15,3382071,1,3,0,2,4
328,11,20,1203371,6,0,2,1
329,15,16,7536966,3,4,6
330,11,19,1115921,0,5,6
331,13,15,1617533,5,2,4
332,6,16,5501332,4,1,6,0,5,2
333,6,11,3767919,3,2,5,4,6
334,11,14,1284694,0,1,4
335,1,10,17134316,4,3,0,6
336,6,13,2181532,4,5,2,0,1
337,14,20,3499136,1,2,3,4,6
338,11,16,2483700,4,5,3,6,0,2
339,1,15,4179459,2,0,5,3,1,4
340,5,15,4350510,3,0,2,6
341,15,19,6181203,1,2,3
342,14,19,7353196,0,1,4,5
343,6,15,8273765,6,3,0,4,1
344,1,15,10784277,4,3,1,2,5,0
345,15,19,14206809,3,0,6,5,1,2
346,6,11,6038026,6,1,5,3
347,10,20,4609189,6,3,4,2,5
348,7,19,3284884,4,0,5,6
349,14,19,2770618,3,2,1,4
350,14,20,7053871,1,5,0
351,5,15,4393013,4,2,6
352,12,14,1045590,6,4,0,3
353,4,11,815196,1,3,2,6,4
354,11,17,1240944,3,2,4,0,1
355,10,17,2302052,1,6,2
356,6,16,6603024,4,3,0,6,1,2
357,1,7,2277680,6,0,5
358,3,15,1717322,3,4,0,2
359,1,15,2316338,6,3,2
360,10,15,4442472,3,1,6,4,0
361,10,17,2302052,1,6,2
362,10,20,8681289,3,2,5,0,4
363,6,11,3767919,3,2,5,4,6
364,12,15,4674551,4,3,5,0
365,6,8,7384842,6,1,4
366,14,19,2558701,1,0,4
367,11,12,3759260,0,1,5,6,2,4
368,14,20,3450311,5,4,3,1
369,10,15,3387190,6,2,5,3
370,13,15,5527630,2,6,4
371,15,16,7536966,3,4,6
372,11,17,2616100,1,0,6,5,2,4
373,12,15,4799916,2,5,6
374,6,13,10313775,4,0,5,1,2
375,11,13,810817,4,1,5
376,11,16,2187347,4,5,1,2,0,3
377,6,8,11133208,0,6,3,1
378,11,17,1695050,1,0,6,3,4,2
379,5,15,2430363,5,2,6,4,3
380,15,17,6042414,2,5,1,6,3,0
381,12,15,995858,5,2,3,4,6,1
382,5,14,1641941,4,3,5,1,0,2
383,8,15,10006275,6,5,4,2,0
384,15,20,11827988,2,5,3,4,0
385,13,15,5019062,3,0,5,4
386,7,15,1304164,1,4,6
387,15,19,874899,5,0,6,2,1,3
388,13,14,816490,1,5,0,2,4
389,7,14,874658,5,0,6,4
390,16,17,894974,1,5,2
391,5,15,7797991,5,6,1,4
392,9,15,6121331,4,5,6,3
393,11,15,7905003,2,5,1,4
394,6,11,4666308,5,3,2,6,0,4
395,10,16,1059196,1,6,3,0,4,2
396,14,19,4449206,5,0,2
397,13,15,1617533,5,2,4
398,6,13,1631169,5,4,6,2,3,1
399,10,15,6394862,3,1,6,4,2
400,11,19,1530665,2,3,5,4,6
401,4,6,1509810,4,1,3,6
402,10,12,163305567,4,5,1
403,11,20,1203371,6,0,2,1
404,6,13,10313775,4,0,5,1,2
405,7,15,1304164,1,4,6
406,14,20,4595428,1,6,5
407,10,12,163305567,4,5,1
408,11,16,3595169,2,1,3
409,14,15,3942434,1,6,2,3
410,11,16,1719433,2,0,3,1
411,4,15,13810050,6,2,0
412,4,15,6299030,3,4,0
413,6,8,15583120,2,6,5
414,11,14,1284694,0,1,4
415,6,7,51468610,2,4,5,0,6
416,11,15,7970469,0,4,3,5
417,6,19,9067239,2,5,1,6,4
418,1,7,1328482,2,1,3,5,6
419,6,8,7384842,6,1,4
420,1,15,2316338,6,3,2
421,10,16,1040154,5,4,2,1
422,6,8,7384842,6,1,4
423,11,13,810817,4,1,5
424,10,20,1762123,2,5,6,0,4
425,1,7,3765065,3,5,4,2,0
426,5,15,7797991,5,6,1,4
427,9,15,7670213,6,5,4
428,12,16,5067296,2,0,3,1,4,6
429,15,17,7709755,3,5,2
430,9,15,4486788,4,6,5,0,2,3
431,7,19,6428818,4,5,1
432,1,7,3108988,5,2,1,0,6
433,11,20,1170541,0,4,1,2,5,6
434,6,16,7454182,2,6,4,5,0
435,14,15,7563211,3,6,0,2,4,1
436,14,20,3499136,1,2,3,4,6
437,8,15,3562769,3,4,0,6,5
438,9,16,998622,6,4,0,2
439,1,4,7124608,1,3,0,5,6
440,3,14,1067859,2,3,1,4
441,11,13,1613326,6,2,1,5,0,3
442,10,20,4609189,6,3,4,2,5
443,10,12,163305567,4,5,1
444,12,14,1440375,0,5,1,4,2,3
445,11,17,1240944,3,2,4,0,1
446,10,17,2302052,1,6,2
447,6,11,3767919,3,2,5,4,6
448,7,19,3284884,4,0,5,6
449,11,12,2885196,4,5,2,0,1
450,10,15,2938013,6,1,4,2,5,0
451,14,15,6863430,2,3,0,5
452,10,20,1422849,2,3,5,6
453,10,15,2321921,0,4,2
454,12,16,1490118,5,0,2
455,11,14,1284694,0,1,4
456,10,11,977985,2,1,6
457,3,15,1919857,1,4,6,3,5
458,10,20,3113753,5,3,6,2,4,0
459,12,15,4799916,2,5,6
460,4,19,1023652,2,0,6,3,4
461,6,8,11133208,0,6,3,1
462,7,15,1304164,1,4,6
463,1,15,11769774,6,2,5,0,1,3
464,10,15,3387190,6,2,5,3
465,14,19,4665192,4,3,6
466,15,19,14206809,3,0,6,5,1,2
467,11,20,1130854,5,3,2,1,0,4
468,10,17,2302052,1,6,2
469,15,16,1498346,5,1,0,6
470,15,16,9028917,2,4,0,6,1
471,10,12,163305567,4,5,1
472,1,15,11769774,6,2,5,0,1,3
473,1,15,4179459,2,0,5,3,1,4
474,6,20,3446988,1,5,0,2,3,4
475,13,15,5019062,3,0,5,4
476,12,14,1045590,6,4,0,3
477,15,20,11730820,5,3,6,2,1,4
478,6,20,7036303,4,3,5,1
479,1,15,2316338,6,3,2
480,7,19,2334233,6,4,5
481,10,16,1059196,1,6,3,0,4,2
482,13,15,1617533,5,2,4
483,10,14,979170,0,5,1,2,3
484,15,16,7536966,3,4,6
485,6,16,878901,0,6,3
486,11,15,5154285,5,4,3,1,6,2
487,9,15,5353702,0,1,4,2,6,3
488,10,15,166469809,2,3,6,1,4
489,4,15,6299030,3,4,0
490,4,15,5877264,0,5,3,2
491,4,11,815196,1,3,2,6,4
