0,5,15,3446220,3,4,6,2
1,1,5,1182180,1,4,6,3,0
2,8,15,4784861,0,3,6
3,11,13,1613326,6,2,1,5,0,3
4,8,15,10006275,6,5,4,2,0
5,11,17,2061838,5,4,3,6
6,15,20,18742960,5,3,2,1
7,6,20,3446988,1,5,0,2,3,4
8,14,16,904626,3,0,2,5,1
9,7,15,2750939,6,3,4,2,5
10,3,15,6654199,2,1,4,5,0,6
11,6,16,2043172,3,5,6
12,11,16,3595169,2,1,3
13,14,19,6196808,4,5,6,1,2,0
14,3,7,1383881,5,2,4,0,1,3
15,12,15,4674551,4,3,5,0
16,14,20,1180626,1,2,3,5,0
17,10,11,977985,2,1,6
18,16,17,894974,1,5,2
19,9,15,7670213,6,5,4
20,4,15,5285815,5,3,4,1,6
21,1,15,4179459,2,0,5,3,1,4
22,11,16,2483700,4,5,3,6,0,2
23,14,19,1850369,3,4,1,6,2,5
24,14,20,1180626,1,2,3,5,0
25,6,11,4666308,5,3,2,6,0,4
26,9,16,818198,4,6,2,1,3,5
27,11,14,1419307,4,6,3
28,13,15,3382071,1,3,0,2,4
29,6,11,6038026,6,1,5,3
30,10,13,31740447,6,3,4,5
31,6,20,2937439,4,0,5,6,2,1
32,13,17,10990050,6,2,0,4
33,14,15,3720795,5,0,4,6
34,12,14,1440375,0,5,1,4,2,3
35,10,13,31740447,6,3,4,5
36,14,16,1631183,3,2,4
37,14,17,4920487,2,4,6,3
38,6,13,1631169,5,4,6,2,3,1
39,15,20,25342157,4,0,2,5,6
40,11,19,1245643,5,1,6
41,14,16,1934551,3,6,0
42,9,12,1157334,4,6,0
43,14,17,6732345,2,3,1,6,5,0
44,4,6,1509810,4,1,3,6
45,6,15,8273765,6,3,0,4,1
46,1,4,7124608,1,3,0,5,6
47,15,20,11827988,2,5,3,4,0
48,8,15,2662028,2,4,0,6,5
49,6,15,17977963,4,6,1,2
50,10,15,6394862,3,1,6,4,2
51,12,16,1490118,5,0,2
52,11,17,2616100,1,0,6,5,2,4
53,9,15,5353702,0,1,4,2,6,3
54,12,14,1440375,0,5,1,4,2,3
55,11,19,1245643,5,1,6
56,6,20,7036303,4,3,5,1
57,14,16,1934551,3,6,0
58,6,14,2460964,2,6,3,4
59,1,7,3108988,5,2,1,0,6
60,7,19,1621541,0,5,1,4,2
61,6,13,10313775,4,0,5,1,2
62,15,19,10081440,0,5,4
63,3,14,1067859,2,3,1,4
64,6,8,9146089,6,1,3,5
65,4,15,5877264,0,5,3,2
66,6,8,26334480,3,0,1,2,6
67,14,16,1850080,1,0,3,2,4,6
68,10,14,879888,3,0,1
69,11,19,2496601,0,5,1
70,15,19,874899,5,0,6,2,1,3
71,15,16,1498346,5,1,0,6
72,7,19,2334233,6,4,5
73,12,14,1045590,6,4,0,3
74,6,13,1082273,3,5,1,4,0,2
75,5,14,2538692,0,2,1,3
76,6,13,2181532,4,5,2,0,1
77,15,16,6124172,4,5,2,6,1,3
78,6,20,7036303,4,3,5,1
79,10,19,5849629,0,4,5,1,6,3
80,9,15,5353702,0,1,4,2,6,3
81,12,15,4799916,2,5,6
82,11,12,3759260,0,1,5,6,2,4
83,11,15,5154285,5,4,3,1,6,2
84,12,14,1440375,0,5,1,4,2,3
85,7,19,1621541,0,5,1,4,2
86,14,15,9983590,3,6,2
87,14,15,3942434,1,6,2,3
88,15,16,6124172,4,5,2,6,1,3
89,14,20,3499136,1,2,3,4,6
90,9,12,1157334,4,6,0
91,10,19,5849629,0,4,5,1,6,3
92,10,12,163305567,4,5,1
93,1,20,1049818,0,5,3
94,6,7,51468610,2,4,5,0,6
95,6,16,7454182,2,6,4,5,0
96,6,20,5663041,0,2,4,6,1
97,10,17,17022243,4,1,5
98,5,6,2333342,1,4,3
99,12,16,1490118,5,0,2
100,8,14,1096050,6,4,2
101,11,12,2957306,3,6,4,5,2,0
102,1,7,3388428,1,5,2,3,0
103,10,14,812773,3,2,5,0,6,1
104,15,17,7709755,3,5,2
105,6,13,10313775,4,0,5,1,2
106,6,11,4666308,5,3,2,6,0,4
107,10,11,977985,2,1,6
108,6,13,4694434,4,3,0,6,2,1
109,15,19,874899,5,0,6,2,1,3
110,12,15,995858,5,2,3,4,6,1
111,1,7,1328482,2,1,3,5,6
112,5,14,1641941,4,3,5,1,0,2
113,14,19,4665192,4,3,6
114,6,16,4288708,3,0,4
115,10,16,1040154,5,4,2,1
116,6,20,3228995,3,1,6
117,10,19,5849629,0,4,5,1,6,3
118,6,8,15583120,2,6,5
119,14,15,3720795,5,0,4,6
120,6,13,1082273,3,5,1,4,0,2
121,8,15,10006275,6,5,4,2,0
122,11,12,4145669,0,5,1,4,6,2
123,15,20,11730820,5,3,6,2,1,4
124,9,15,6121331,4,5,6,3
125,15,20,32411037,6,3,2,5,4,0
126,6,15,2623610,6,5,4,0
127,6,15,4116448,4,0,1,2
128,5,14,1641941,4,3,5,1,0,2
129,10,15,2938013,6,1,4,2,5,0
130,14,20,3499136,1,2,3,4,6
131,13,14,816490,1,5,0,2,4
132,9,15,5353702,0,1,4,2,6,3
133,7,14,874658,5,0,6,4
134,11,16,1719433,2,0,3,1
135,10,12,163305567,4,5,1
136,4,15,13810050,6,2,0
137,5,15,2725137,1,5,4,0,6
138,9,15,3905913,4,1,5,6
139,15,20,11730820,5,3,6,2,1,4
140,11,15,4328803,6,1,0
141,13,14,1138090,6,0,2,4
142,13,14,815283,3,5,1,4,0
143,15,20,18742960,5,3,2,1
144,13,15,13756304,4,6,5,0
145,15,16,7536966,3,4,6
146,3,15,1919857,1,4,6,3,5
147,11,15,4328803,6,1,0
148,12,14,1440375,0,5,1,4,2,3
149,11,20,3004715,6,4,0,5
150,6,8,12102480,2,5,3,6,1,4
151,11,17,1240944,3,2,4,0,1
152,15,17,2996760,3,1,5,2,6
153,13,15,13756304,4,6,5,0
154,14,15,6961711,0,6,1,3,2,5
155,15,16,9028917,2,4,0,6,1
156,6,13,10313775,4,0,5,1,2
157,6,11,6038026,6,1,5,3
158,10,19,5849629,0,4,5,1,6,3
159,6,16,6603024,4,3,0,6,1,2
160,14,17,2582409,1,0,2,3,4
161,1,15,11769774,6,2,5,0,1,3
162,14,20,3450311,5,4,3,1
163,14,20,3450311,5,4,3,1
164,8,15,15951002,6,1,4
165,10,12,163305567,4,5,1
166,8,15,10006275,6,5,4,2,0
167,13,14,816490,1,5,0,2,4
168,6,11,6038026,6,1,5,3
169,10,15,6394862,3,1,6,4,2
170,15,19,3978597,4,0,6,1
171,10,15,166469809,2,3,6,1,4
172,10,11,977985,2,1,6
173,4,15,5877264,0,5,3,2
174,9,15,7455870,4,2,1,0,5
175,10,20,3113753,5,3,6,2,4,0
176,12,15,4799916,2,5,6
177,14,15,6961711,0,6,1,3,2,5
178,15,16,1498346,5,1,0,6
179,14,17,6732345,2,3,1,6,5,0
180,11,16,2187347,4,5,1,2,0,3
181,10,11,977985,2,1,6
182,11,14,3165109,3,4,6
183,11,12,3759260,0,1,5,6,2,4
184,1,15,10784277,4,3,1,2,5,0
185,10,15,3387190,6,2,5,3
186,11,12,4145669,0,5,1,4,6,2
187,12,16,1490118,5,0,2
188,6,8,15583120,2,6,5
189,13,15,3382071,1,3,0,2,4
190,10,15,2321921,0,4,2
191,15,19,2688976,4,3,6,2
192,9,15,7455870,4,2,1,0,5
193,10,14,879888,3,0,1
194,14,16,3644755,4,3,1
195,13,15,1617533,5,2,4
196,11,20,3004715,6,4,0,5
197,13,15,1617533,5,2,4
198,14,15,3500960,2,6,3,4,5,1
199,14,15,6863430,2,3,0,5
200,6,13,10313775,4,0,5,1,2
201,11,12,4145669,0,5,1,4,6,2
202,11,17,2616100,1,0,6,5,2,4
203,6,16,6603024,4,3,0,6,1,2
204,14,15,9983590,3,6,2
205,13,15,1797075,2,3,4,0,5
206,11,19,1530665,2,3,5,4,6
207,6,7,51468610,2,4,5,0,6
208,15,19,5954096,4,1,0
209,11,16,3595169,2,1,3
210,15,19,6181203,1,2,3
211,1,20,1049818,0,5,3
212,11,16,2187347,4,5,1,2,0,3
213,6,13,5939223,3,2,0,6,5,4
214,14,20,1180626,1,2,3,5,0
215,10,16,1059196,1,6,3,0,4,2
216,11,20,2438364,6,2,4
217,14,15,3500960,2,6,3,4,5,1
218,14,17,4241803,2,3,1,0,6,5
219,4,13,1390235,4,0,2,1,6,3
220,10,20,2513649,2,0,1,3
221,8,15,3562769,3,4,0,6,5
222,11,14,3770268,1,4,3,6,2,0
223,9,15,7670213,6,5,4
224,11,16,1219329,4,2,3,0,1
225,14,15,7563211,3,6,0,2,4,1
226,1,15,1248824,2,4,6,5,1
227,6,16,7454182,2,6,4,5,0
228,14,19,4665192,4,3,6
229,1,15,11769774,6,2,5,0,1,3
230,14,20,3450311,5,4,3,1
231,13,17,10990050,6,2,0,4
232,14,16,1631183,3,2,4
233,6,16,878901,0,6,3
234,10,20,8681289,3,2,5,0,4
235,1,15,4179459,2,0,5,3,1,4
236,11,12,4145669,0,5,1,4,6,2
237,14,19,7353196,0,1,4,5
238,3,7,1383881,5,2,4,0,1,3
239,10,16,1040154,5,4,2,1
240,12,14,958995,0,5,2,4,1
241,1,4,7124608,1,3,0,5,6
242,10,20,1762123,2,5,6,0,4
243,14,19,1850369,3,4,1,6,2,5
244,6,13,1082273,3,5,1,4,0,2
245,11,20,3004715,6,4,0,5
246,12,14,958995,0,5,2,4,1
247,8,15,2662028,2,4,0,6,5
248,11,13,1613326,6,2,1,5,0,3
249,6,16,5501332,4,1,6,0,5,2
250,6,13,5939223,3,2,0,6,5,4
251,6,8,9146089,6,1,3,5
252,11,16,1219329,4,2,3,0,1
253,7,19,2334233,6,4,5
254,6,13,10313775,4,0,5,1,2
255,1,7,4285602,0,3,2,4,5,6
256,9,15,5353702,0,1,4,2,6,3
257,13,17,10990050,6,2,0,4
258,1,15,4179459,2,0,5,3,1,4
259,12,14,958995,0,5,2,4,1
260,6,11,6038026,6,1,5,3
261,1,5,1182180,1,4,6,3,0
262,14,19,6196808,4,5,6,1,2,0
263,6,15,2623610,6,5,4,0
264,10,19,9229911,2,1,4,5
265,14,19,6196808,4,5,6,1,2,0
266,9,12,1157334,4,6,0
267,14,19,1850369,3,4,1,6,2,5
268,11,12,2885196,4,5,2,0,1
269,11,15,5154285,5,4,3,1,6,2
270,14,17,4920487,2,4,6,3
271,10,20,1762123,2,5,6,0,4
272,3,15,1717322,3,4,0,2
273,7,15,1142854,0,6,2,4
274,12,14,1045590,6,4,0,3
275,10,15,6394862,3,1,6,4,2
276,8,15,4784861,0,3,6
277,15,17,6578460,0,3,4,5,6
278,9,15,5353702,0,1,4,2,6,3
279,1,15,2316338,6,3,2
280,11,14,3165109,3,4,6
281,11,14,1419307,4,6,3
282,13,14,1138090,6,0,2,4
283,5,15,2430363,5,2,6,4,3
284,15,20,11730820,5,3,6,2,1,4
285,11,14,1284694,0,1,4
286,6,8,7384842,6,1,4
287,11,16,1219329,4,2,3,0,1
288,11,16,2957536,0,4,1,6,5
289,1,4,7124608,1,3,0,5,6
290,6,13,10313775,4,0,5,1,2
291,11,17,2061838,5,4,3,6
292,11,15,7970469,0,4,3,5
293,15,19,5954096,4,1,0
294,11,19,1530665,2,3,5,4,6
295,1,7,3765065,3,5,4,2,0
296,14,16,1631183,3,2,4
297,1,7,1328482,2,1,3,5,6
298,6,11,3767919,3,2,5,4,6
299,14,19,7353196,0,1,4,5
300,11,15,5154285,5,4,3,1,6,2
301,6,8,26334480,3,0,1,2,6
302,6,19,3864387,2,4,5
303,7,19,6428818,4,5,1
304,12,15,4674551,4,3,5,0
305,11,15,7970469,0,4,3,5
306,10,12,163305567,4,5,1
307,10,15,3387190,6,2,5,3
308,13,17,10990050,6,2,0,4
309,10,15,2938013,6,1,4,2,5,0
310,7,19,2334233,6,4,5
311,6,15,3454630,1,0,3,5,6,2
312,1,7,1328482,2,1,3,5,6
313,6,20,3228995,3,1,6
314,6,13,1631169,5,4,6,2,3,1
315,15,17,6578460,0,3,4,5,6
316,9,15,4486788,4,6,5,0,2,3
317,14,15,7563211,3,6,0,2,4,1
318,7,14,874658,5,0,6,4
319,14,20,1180626,1,2,3,5,0
320,12,14,1045590,6,4,0,3
321,14,17,2582409,1,0,2,3,4
322,10,12,1145881,5,1,0,3,4,2
323,10,15,6394862,3,1,6,4,2
324,1,5,1182180,1,4,6,3,0
325,4,6,1509810,4,1,3,6
326,8,15,4784861,0,3,6
327,10,14,812773,3,2,5,0,6,1
328,1,15,15536635,2,4,3,1
329,13,17,10990050,6,2,0,4
330,7,19,6428818,4,5,1
331,15,20,32411037,6,3,2,5,4,0
332,15,16,1498346,5,1,0,6
333,14,19,10515141,6,2,3,4
334,7,19,3284884,4,0,5,6
335,9,13,822540,4,5,1,2,0
336,6,20,5663041,0,2,4,6,1
337,8,14,1096050,6,4,2
338,8,14,1096050,6,4,2
339,10,17,2302052,1,6,2
340,10,17,8595607,0,4,3
341,1,7,4285602,0,3,2,4,5,6
342,11,14,3770268,1,4,3,6,2,0
343,9,16,998622,6,4,0,2
344,13,17,10990050,6,2,0,4
345,6,20,1880071,4,0,5,3
346,9,15,7670213,6,5,4
347,10,14,812773,3,2,5,0,6,1
348,15,17,3502944,0,6,2,4,1,3
349,11,16,2957536,0,4,1,6,5
350,8,14,1096050,6,4,2
351,12,16,1490118,5,0,2
352,5,15,2725137,1,5,4,0,6
353,10,15,166469809,2,3,6,1,4
354,12,14,1045590,6,4,0,3
355,6,19,10185624,6,4,0,3,5,1
356,7,19,2334233,6,4,5
357,6,16,2043172,3,5,6
358,4,15,5877264,0,5,3,2
359,14,15,3500960,2,6,3,4,5,1
360,1,7,2277680,6,0,5
361,13,15,1797075,2,3,4,0,5
362,12,14,958995,0,5,2,4,1
363,4,15,5877264,0,5,3,2
364,15,20,18742960,5,3,2,1
365,6,13,1082273,3,5,1,4,0,2
366,6,13,2181532,4,5,2,0,1
367,6,20,3446988,1,5,0,2,3,4
368,10,17,2302052,1,6,2
369,14,19,7353196,0,1,4,5
370,13,15,13756304,4,6,5,0
371,14,19,4665192,4,3,6
372,11,19,2496601,0,5,1
373,4,15,13810050,6,2,0
374,14,17,4241803,2,3,1,0,6,5
375,14,16,1934551,3,6,0
376,1,7,4285602,0,3,2,4,5,6
377,4,15,5285815,5,3,4,1,6
378,9,16,818198,4,6,2,1,3,5
379,10,19,5849629,0,4,5,1,6,3
380,7,15,1304164,1,4,6
381,15,19,6181203,1,2,3
382,6,15,5711147,5,3,0,6
383,11,20,1130854,5,3,2,1,0,4
384,9,15,3905913,4,1,5,6
385,9,15,3905913,4,1,5,6
386,5,15,8263371,2,6,4,5,1,3
387,12,15,995858,5,2,3,4,6,1
388,12,17,5862850,1,0,2,4
389,14,19,7353196,0,1,4,5
390,14,16,1631183,3,2,4
391,12,14,958995,0,5,2,4,1
392,6,20,3446988,1,5,0,2,3,4
393,11,16,4095855,2,0,1,6,5
394,6,14,2460964,2,6,3,4
395,15,19,5954096,4,1,0
396,6,13,2710420,6,4,3,1
397,15,19,5957353,5,4,3
398,7,16,1377177,2,6,0
