0,45,62,56804,3,4,2,1,6,0
1,45,39,45868,6,0,4
2,31,34,35072,3,0,2
3,16,50,248427,2,4,6
4,25,64,13759,3,6,5,0
5,1,20,800000,5,4,2,1,0,6
6,73,64,15018,2,1,6
7,26,17,16773,0,3,6
8,25,61,20256,6,2,4
9,25,73,25745,0,1,6
10,25,73,30241,3,1,4,0,2
11,40,19,15554,3,0,1,2,5
12,65,19,35548,1,3,0,6
13,73,61,19799,6,5,3,0,4
14,63,50,800000,4,3,1,2,6,0
15,45,64,505500,2,6,4,0,5,1
16,63,62,62646,1,0,2,3,4
17,1,65,10214,2,3,4,5
18,77,64,800000,4,6,5,1,0
19,31,50,235868,4,0,6,5
20,31,65,40482,4,3,0,6,1
21,31,62,75631,4,0,6
22,73,61,18755,0,4,1,6,3
23,31,64,317897,3,4,1,2,0
24,63,61,800000,1,4,6,2,5
25,22,62,78475,1,3,2
26,22,65,27816,4,2,6
27,1,20,800000,2,1,5,6,4
28,3,13,94342,3,0,4,2,1,5
29,15,73,19971,3,4,0,6
30,40,61,376924,5,0,1,2
31,3,65,10047,4,6,2,3,1
32,77,64,800000,4,6,5,1,0
33,40,50,196433,3,1,2,6,5
34,40,61,376924,5,0,1,2
35,23,13,85290,6,0,2,4,5,1
36,15,73,20440,2,3,4
37,54,61,23274,2,3,6,1
38,40,65,15691,4,3,2,6,0
39,40,20,350885,0,2,5
40,62,42,67035,0,1,2,3,5,4
41,23,15,17391,6,0,3,1,4
42,16,66,131729,5,1,3
43,63,20,800000,6,4,0,2,1
44,63,50,800000,1,0,5
45,23,20,341231,1,2,0,4,6,5
46,2,73,23573,0,5,2,3
47,63,64,800000,6,0,4
48,40,73,16417,1,4,3,6,2
49,0,61,97169,5,4,3,2,1
50,23,39,67586,5,6,1,2
51,22,66,465198,5,0,6,1,2,3
52,77,19,13221,6,0,5,1,2,3
53,16,65,41560,5,6,0,3,2,4
54,22,64,570962,4,1,5,0,2,6
55,40,19,13164,2,3,0,5
56,3,65,10047,4,6,2,3,1
57,26,15,17534,0,4,5
58,40,65,14449,4,5,0,2
59,40,19,12469,2,0,4,6,5
60,23,42,220389,5,4,1
61,2,65,21109,3,2,4,1
62,45,19,13560,3,1,4,6,2
63,26,73,15432,6,3,0
64,23,50,251659,6,5,3,1,0,4
65,45,73,14061,4,1,0,2
66,16,42,158796,6,1,4
67,22,15,31980,2,3,0,5,1
68,1,13,800000,5,4,0,3
69,23,42,220389,5,4,1
70,62,42,58492,4,0,5,2,1,3
71,0,20,89575,4,6,0,2,1,5
72,1,20,800000,6,0,1,4,2
73,1,62,55111,5,4,0
74,31,34,35072,3,0,2
75,45,17,14253,2,0,5,3,6
76,3,13,118669,4,3,1
77,65,19,30620,2,6,3,1
78,31,17,23993,1,3,0
79,77,50,770604,1,6,5,3,0
80,77,42,493032,0,2,6
81,6,39,58944,3,2,5,6,4,1
82,25,15,49602,1,5,0,4,6,3
83,1,66,800000,3,1,6
84,16,50,162931,6,2,1,4
85,63,20,800000,1,5,6,2,3,0
86,16,34,50154,1,4,0,6,3
87,50,20,800000,4,5,2,3,6,1
88,16,39,57419,1,5,3,6,2
89,16,15,37930,1,2,3,5
90,77,15,13812,2,4,3,6,5,0
91,6,61,800000,0,4,1
92,0,13,67352,0,6,4,3
93,40,61,475678,0,5,1,6,2,3
94,40,17,16685,2,0,6,5
95,26,64,12051,2,6,5,3
96,26,65,16378,2,0,5
97,22,66,594034,2,6,0,1
98,1,20,800000,6,0,1,4,2
99,50,61,800000,6,0,1,5,3
100,0,61,109547,2,3,0
101,22,20,659410,3,0,6
102,22,19,33616,6,4,0,3,1,5
103,62,50,71863,1,4,6
104,77,62,61109,1,4,2,3,0,5
105,3,19,10656,0,5,4
106,45,19,13004,2,4,1,5,3,0
107,45,61,425042,3,6,5
108,0,39,39756,2,4,0,3,5
109,63,50,800000,6,3,4
110,31,17,24920,5,4,3,2,1
111,16,62,104426,1,3,5,4,2,0
112,62,42,68911,2,0,3,6,4,5
113,26,19,16879,4,0,5
114,50,13,800000,6,2,3
115,40,15,16654,1,0,5
116,23,66,198678,3,2,5,4
117,54,61,23274,2,3,6,1
118,45,13,97599,3,4,6
119,77,50,770604,1,6,5,3,0
120,16,34,50488,1,0,2,6,3
121,54,34,26645,3,4,6,0,5
122,31,73,24794,6,4,5
123,16,64,378337,6,2,1
124,62,42,67035,0,1,2,3,5,4
125,62,66,70361,2,3,5,6,4,1
126,1,13,800000,5,4,0,3
127,45,20,399953,2,1,0
128,15,61,21565,2,0,1,5
129,73,19,30698,4,5,6
130,23,65,16180,4,0,1,3,5,6
131,45,39,49942,5,3,4,2,1,6
132,65,73,26052,1,0,5,6
133,25,65,37434,6,1,3,2,5,0
134,40,66,166266,3,0,5,1
135,0,13,67352,0,6,4,3
136,31,42,175587,4,2,1,3,5
137,77,20,800000,5,0,4
138,23,13,106770,6,3,1,4,0
139,2,73,18327,5,1,2,0,3,4
140,40,39,44283,2,1,6
141,23,61,449303,4,2,5,0,6
142,22,61,429598,6,2,1
143,40,15,16654,1,0,5
144,73,19,24603,5,6,1
145,15,19,41945,6,2,5
146,23,15,17391,6,0,3,1,4
147,16,17,28515,3,0,6
148,15,19,41945,6,2,5
149,40,73,14352,4,6,0,2,5
150,1,20,800000,5,4,2,1,0,6
151,23,42,193074,2,4,3
152,50,13,800000,2,1,4,0,5,3
153,26,64,14773,6,0,3
154,45,73,15027,1,0,5,6
155,65,15,39739,2,4,5,1,3
156,23,66,198678,3,2,5,4
157,22,34,28824,5,0,2,4,3,6
158,62,42,65264,0,3,1,5
159,2,61,800000,1,4,0
160,16,13,109229,3,1,6,0
161,63,61,800000,6,2,4,1,3
162,0,39,48053,2,0,6,3
163,54,61,20437,6,3,4,2
164,50,61,800000,6,0,1,5,3
165,23,34,18939,5,3,6,1
166,16,19,32303,6,1,2,3
167,73,61,19323,4,1,2
168,6,66,800000,0,2,1
169,63,42,547212,0,6,3,4
170,26,61,15953,4,3,5,2,0,1
171,15,17,22963,4,1,2
172,1,64,800000,4,1,2,6,5,3
173,3,61,264497,2,0,6,5,3
174,40,17,16554,1,2,0,6
175,40,61,475678,0,5,1,6,2,3
176,23,42,258062,3,1,4,6,2,5
177,77,65,12286,2,3,0,6,5,1
178,26,39,10151,6,3,0
179,6,20,800000,2,1,3,4,6,0
180,45,73,14415,6,0,3
181,16,42,179668,5,6,4,0,3
182,15,34,46250,2,4,0,3,5,6
183,26,20,12215,0,6,5,1
184,2,42,501786,2,4,1
185,25,65,40385,2,3,0
186,26,64,12051,2,6,5,3
187,23,50,212221,6,4,0,1,3,2
188,26,34,16791,0,6,1,3,5,2
189,45,15,13932,4,0,2
190,23,17,18714,3,5,6,1
191,40,17,14394,6,4,3,1
192,62,61,67119,4,3,5,1,2
193,62,20,88704,3,6,1
194,2,50,549641,0,5,2,4,6
195,2,62,74009,5,2,4,0,1
196,77,39,54675,6,2,3,1,4,5
197,22,42,93118,5,2,6,0
198,3,20,249780,3,0,4,5,6,2
199,77,64,800000,2,4,3,6,5,0
200,31,62,95371,6,1,5,4,2
201,25,17,20720,3,4,5,2,6,1
202,45,66,126801,0,3,2,5
203,62,13,53350,4,3,1
204,6,20,800000,2,3,1
205,45,34,14719,1,0,4,3
206,23,65,18884,5,1,2,3
207,40,13,84258,1,3,4,6
208,23,64,304388,5,4,2
209,23,64,342938,4,0,6,1
210,15,73,26519,5,2,1,4,6
211,23,15,17391,6,0,3,1,4
212,26,15,17534,0,4,5
213,6,50,800000,1,6,3
214,22,34,28824,5,0,2,4,3,6
215,2,39,67216,6,2,3,1,0,4
216,1,17,10168,5,1,4,2,0
217,40,19,15554,3,0,1,2,5
218,16,13,107955,5,6,1,3
219,63,20,800000,4,5,6,3,0,2
220,3,64,287529,0,4,5,3,1
221,25,19,43776,0,6,4
222,45,62,56804,3,4,2,1,6,0
223,54,17,27679,4,5,1,3,6
224,63,66,800000,5,6,0,3
225,0,39,39756,2,4,0,3,5
226,26,34,16791,0,6,1,3,5,2
227,3,13,114590,5,3,2
228,50,66,800000,6,4,3
229,6,62,65807,1,4,6
230,3,42,158963,2,0,4
231,25,61,19297,5,2,4
232,31,19,45655,1,5,2
233,40,50,148240,0,4,3,1,5,2
234,0,62,66074,2,6,1
235,77,66,385719,6,0,3,2,4
236,45,20,339856,4,6,5,1
237,15,17,20476,2,3,0
238,45,50,213218,3,6,1,4
239,25,73,25745,0,1,6
240,73,19,24603,5,6,1
241,6,64,800000,2,3,0,5,6,4
242,1,66,800000,2,3,1,5
243,40,61,334450,5,3,0,2,4
244,0,66,144985,2,6,0
245,50,61,800000,5,6,1
246,3,50,163723,4,1,5,2
247,6,62,65061,3,1,6
248,26,64,13598,1,4,5
249,16,64,378337,6,2,1
250,54,17,25068,2,5,3,0,4
251,0,42,131457,1,4,5,6,2
252,26,65,19842,3,4,6
253,1,13,800000,5,1,2
254,16,20,410651,6,3,1,4,0
255,16,65,32704,4,2,6,5
256,1,42,456687,3,6,2
257,45,65,11447,4,6,2,1,3,5
258,2,19,19594,2,5,1,6
259,15,17,20476,2,3,0
260,54,17,27679,4,5,1,3,6
261,77,39,44634,6,4,5,3,0
262,15,17,23867,6,3,1
263,73,61,19323,4,1,2
264,40,65,16455,6,3,2,5
265,65,19,30620,2,6,3,1
266,40,13,100593,1,2,5,0
267,77,64,800000,4,6,5,1,0
268,63,39,55556,5,0,2,3
269,40,73,12586,2,4,1,5,0
270,26,34,17484,4,1,0,2
271,6,64,800000,3,4,1,0,5
272,26,64,12051,2,6,5,3
273,40,50,148240,0,4,3,1,5,2
274,31,17,20625,5,1,2,6,0
275,65,15,39805,3,0,5
276,23,39,62695,5,0,1,3,6
277,73,20,11505,5,3,2,0,1
278,26,20,12081,3,4,6,2,0,5
279,2,66,564517,2,0,6,3,1,4
280,1,50,800000,5,2,4
281,25,34,52627,2,1,0,3
282,16,13,79718,0,2,1
283,0,42,146811,5,3,0,6,2
284,77,61,800000,6,1,3,2
285,62,66,66500,1,6,5,2,0,4
286,1,61,800000,1,3,4,2,6
287,23,61,427424,5,2,0,1,4
288,73,34,25521,6,2,4,1,3,0
289,45,39,45777,6,5,1,3,2,4
290,23,50,218422,6,0,3,2,1
291,40,62,83758,2,1,4,3,5,0
292,6,13,800000,6,3,4,0,1,5
293,6,66,800000,4,1,3,6,2
294,2,64,800000,5,4,2
295,16,39,48571,4,3,5,2
296,6,62,59186,3,4,6,0
297,31,13,94958,3,1,0,4,2
298,15,17,23867,6,3,1
299,3,73,10841,6,4,1,3,2
300,25,73,25953,4,3,2,0,1,5
301,1,42,456687,3,6,2
302,54,64,13356,2,6,4,0,1,5
303,77,66,385719,6,0,3,2,4
304,2,73,18327,5,1,2,0,3,4
305,45,66,157553,2,0,1,3,5
306,16,50,162931,6,2,1,4
307,2,13,505389,2,4,5,6
308,31,19,32344,6,5,3,4,0,2
309,0,20,148040,5,0,4,2,3
310,77,66,385719,6,0,3,2,4
311,16,61,435899,1,4,3,2,6,0
312,0,62,48793,6,2,0,3,5,1
313,62,66,66500,1,6,5,2,0,4
314,15,17,20476,2,3,0
315,15,34,38759,4,6,2,5,1
316,31,64,317897,3,4,1,2,0
317,16,73,27284,4,6,5,0,2
318,62,61,67119,4,3,5,1,2
319,23,64,304388,5,4,2
320,31,17,20625,5,1,2,6,0
321,2,64,800000,5,4,2
322,26,17,13704,2,4,5
323,25,19,37767,3,1,6,4,2,0
324,26,19,16879,4,0,5
325,25,17,20720,3,4,5,2,6,1
326,1,42,669075,3,6,1
327,25,20,11717,4,0,6,2,3,5
328,40,17,14394,6,4,3,1
329,16,19,42515,1,6,2,4
330,16,17,19542,2,3,5,1
331,62,20,72372,5,1,0,4,3,2
332,73,64,14112,2,0,1,5
333,62,61,86594,5,2,0,6,3
334,0,39,45481,6,1,2
335,31,39,48693,4,1,3,2,6
336,6,50,800000,5,0,6,4,3,1
337,2,17,23647,5,6,4
338,0,61,130082,2,4,5,1,6,3
339,25,65,40385,2,3,0
340,62,50,63662,2,1,6,4,5,0
341,45,13,89340,1,5,4,2,6
342,63,50,800000,0,1,3,4
343,54,64,11436,2,5,1,3,0
344,0,64,127933,6,1,3,0,2
345,3,65,10047,4,6,2,3,1
346,26,64,14773,6,0,3
347,3,39,46311,5,3,0
348,22,42,88371,6,0,3,1,2
349,22,17,24158,4,5,3
350,54,73,26463,0,2,5,1
351,1,66,800000,6,5,0,2,1
352,73,19,24603,5,6,1
353,0,42,99041,4,5,6
354,54,15,31930,0,1,6
355,45,34,14719,1,0,4,3
356,73,20,11533,1,3,6,2
357,2,17,18860,5,6,3,4,1,2
358,73,15,28585,0,1,5,6
359,22,20,625849,6,4,5,3,2
360,22,66,585272,6,0,5,3
361,1,61,800000,5,3,1
362,23,13,117965,2,5,4,0,6,3
363,31,34,32687,6,0,2
364,63,13,800000,6,1,5,4,2
365,40,13,100593,1,2,5,0
366,22,42,92733,6,0,5,3,4,1
367,1,42,541160,1,5,6,3,0
368,40,61,455662,6,1,2,5,0
369,26,19,17573,0,2,3,1
370,16,20,383979,0,4,3,2
371,22,19,33616,6,4,0,3,1,5
372,77,65,12286,2,3,0,6,5,1
373,0,39,48053,2,0,6,3
374,31,65,40873,6,3,2
375,0,39,39756,2,4,0,3,5
376,15,61,18068,0,5,3
377,45,20,339856,4,6,5,1
378,1,42,456687,3,6,2
379,16,13,79718,0,2,1
380,2,20,800000,0,5,6,1,4,2
381,65,19,36237,4,2,1,5,0,6
382,16,62,87807,0,4,5
383,16,73,28215,4,3,1
384,2,20,757286,6,1,3,0
385,40,15,16713,6,4,1,5
386,45,50,233602,6,4,1
387,2,42,501786,2,4,1
388,45,39,45868,6,0,4
389,26,17,15027,1,6,2,3,4,0
390,45,64,364003,2,6,4
391,22,19,32218,3,1,6,4
392,22,42,112003,4,6,3
393,23,15,18701,3,2,5,4,6,1
394,22,64,570962,4,1,5,0,2,6
395,22,20,465570,6,2,5,0,4
396,62,50,63662,2,1,6,4,5,0
397,26,65,19842,3,4,6
398,50,20,800000,4,0,6,5
399,3,73,10841,6,4,1,3,2
400,45,61,425042,3,6,5
401,62,42,58492,4,0,5,2,1,3
402,2,34,20616,2,0,3,6,1,5
403,25,73,25745,0,1,6
404,40,66,130215,3,1,6
405,50,64,485505,2,5,4,0,1,6
406,25,17,22885,0,4,3,6,1,5
407,0,20,148040,5,0,4,2,3
408,77,34,12661,3,2,5,0
409,3,42,158963,2,0,4
410,26,20,12756,5,2,6,4
411,2,66,738386,1,2,4,6
412,45,13,121584,4,3,5,6,1
413,22,62,78881,6,2,1,0
414,40,39,49951,3,6,1,5,2,0
415,62,13,55279,3,4,2,6
416,31,20,337702,5,2,4,3,6,0
417,65,64,10980,2,0,1,6
418,77,19,13221,6,0,5,1,2,3
419,16,34,52643,5,2,1,4,0,3
420,25,64,13759,3,6,5,0
421,31,73,23195,0,3,2,5,4,1
422,31,13,90653,2,6,3,5,4,0
423,31,19,39361,5,2,4,3,1
424,3,42,158963,2,0,4
425,40,66,115614,0,4,2
426,40,62,92448,0,3,6
427,23,15,19267,6,0,5
428,50,62,73097,3,4,6,2,5
429,22,50,558825,6,5,3
430,77,62,69319,3,5,4,0,6
431,22,13,516035,2,4,3,6
432,2,13,699161,4,2,0,6,3
433,26,65,16378,2,0,5
434,16,17,28515,3,0,6
435,50,20,800000,3,4,2
436,77,65,12379,4,1,3,6,0
437,62,50,65512,5,6,4,2,1,0
438,3,13,116224,5,6,0,4,3
439,3,19,10182,2,3,6,1
440,26,34,16791,0,6,1,3,5,2
441,16,34,50488,1,0,2,6,3
442,0,66,129558,2,6,5
443,40,13,100593,1,2,5,0
444,2,42,331857,4,6,5,0
445,23,20,280042,0,5,2,1,4,3
446,63,42,547212,0,6,3,4
447,45,73,13382,5,3,4,6
448,77,34,12792,2,1,3,6,4
449,25,20,10072,0,6,2,5,4,3
450,63,61,800000,6,2,4,1,3
451,0,61,97169,5,4,3,2,1
452,45,73,14415,6,0,3
453,23,62,74256,4,2,1,5,0
454,0,64,127933,6,1,3,0,2
455,31,64,443723,4,1,5
456,6,61,800000,4,5,2,3
457,45,73,14061,4,1,0,2
458,1,62,54947,4,3,2,0,1
459,22,73,24754,6,3,0
460,23,64,349269,3,0,5,2,4,1
461,63,42,407886,1,5,0,3,2
462,63,62,62646,1,0,2,3,4
463,63,61,800000,1,4,6,2,5
464,15,61,22084,5,6,4,2
465,77,19,13221,6,0,5,1,2,3
466,3,62,65373,1,2,4,5,0
467,73,20,12165,1,6,4
468,26,15,17534,0,4,5
469,77,50,395404,6,2,4,5,0
470,63,42,338119,1,6,4
471,45,61,369750,3,0,6,1,5
472,63,50,800000,0,1,3,4
473,31,42,202302,1,6,2,3
474,15,65,32529,4,5,0,2,3,1
475,1,20,800000,2,1,5,6,4
476,50,13,800000,6,2,3
477,22,64,570962,4,1,5,0,2,6
478,1,65,10670,1,6,2,3,5
479,3,62,85984,2,5,6,0,4
480,45,50,233602,6,4,1
481,0,64,127933,6,1,3,0,2
482,16,19,42862,3,6,1,2,4
483,45,39,45868,6,0,4
484,22,62,59476,0,1,2,5,6
485,15,65,31048,5,2,4,3
486,22,73,23862,6,5,0,4,2,3
487,22,17,24158,4,5,3
488,16,34,41950,3,0,5,1,2
489,63,50,800000,1,0,5
490,15,34,46250,2,4,0,3,5,6
491,54,61,20437,6,3,4,2
492,31,73,26569,5,2,3
493,3,66,161731,3,6,2,0,5,4
494,23,20,341924,5,3,2,4
495,15,17,22963,4,1,2
496,1,66,800000,5,6,1,3,0,2
497,23,19,15750,5,1,4,3
498,22,66,585272,6,0,5,3
499,6,64,800000,2,3,0,5,6,4
500,6,66,800000,5,2,1
501,3,50,163723,4,1,5,2
502,6,20,800000,4,5,2
503,63,42,547212,0,6,3,4
504,54,34,36733,2,0,4
505,65,17,19724,2,3,4,0
506,23,39,46279,1,5,2,4,3,6
507,23,19,19996,3,2,4,6,1
508,23,65,16716,1,2,6,0,3
509,22,64,504569,4,5,0,1,2
510,45,15,15426,2,4,5,6,3,1
511,25,17,23617,5,1,3
512,54,61,20112,3,0,4,5,2,6
513,2,61,800000,0,3,4,1,2
514,3,34,10409,0,4,2
515,23,39,46279,1,5,2,4,3,6
516,77,66,385719,6,0,3,2,4
517,1,61,800000,1,3,4,2,6
518,63,50,800000,4,3,1,2,6,0
519,6,13,800000,6,3,4,0,1,5
520,50,62,63550,1,5,6,4,3,0
521,31,34,38130,0,6,4
522,40,42,206176,0,4,5
523,45,42,196395,1,5,4,6
524,45,34,14719,1,0,4,3
525,25,15,53870,0,1,3
526,16,62,104426,1,3,5,4,2,0
527,45,62,56007,1,0,4,3,2,6
528,22,19,33616,6,4,0,3,1,5
529,40,42,189117,1,3,6,0,2
530,40,34,13964,0,5,4,6
531,77,39,44634,6,4,5,3,0
532,45,66,156973,2,1,3
533,77,66,619638,6,3,2,4,1,0
534,2,65,25110,4,2,6,0
535,40,17,13218,1,6,4,3
536,77,17,12065,4,5,0,1,6
537,77,42,537717,0,2,6,5
538,73,61,18755,0,4,1,6,3
539,54,34,36733,2,0,4
540,0,66,102398,5,4,0,3,6
541,54,73,31032,1,5,0,6,4,3
542,31,62,75631,4,0,6
543,45,19,13131,3,6,4,2,5
544,2,39,59317,1,4,5,0
545,31,13,95847,5,1,6
546,22,34,28824,5,0,2,4,3,6
547,50,61,800000,5,3,6
548,15,73,19971,3,4,0,6
549,23,65,20048,0,3,4
550,2,19,19594,2,5,1,6
551,40,19,12469,2,0,4,6,5
552,45,64,505500,2,6,4,0,5,1
553,2,20,800000,4,1,0,5,3
554,63,50,800000,6,3,4
555,65,34,42012,5,4,0,1
556,50,64,800000,6,4,2
557,73,64,14112,2,0,1,5
558,25,64,13640,0,3,2,4,6,1
559,77,39,54675,6,2,3,1,4,5
560,50,20,800000,4,0,6,5
561,0,20,121369,6,5,0,1
562,77,20,800000,1,5,3,0
563,2,66,578406,0,3,5,1,2
564,15,61,21565,2,0,1,5
565,31,19,35385,3,0,2,4
566,40,17,16554,1,2,0,6
567,3,50,224072,2,4,0,3
568,15,65,37129,3,4,2
569,65,64,10980,2,0,1,6
570,25,65,28961,1,4,3,0,5,6
571,62,42,67035,0,1,2,3,5,4
572,23,19,19996,3,2,4,6,1
573,45,62,59734,0,5,6,4,1,3
574,15,61,18841,1,2,6
575,3,19,10530,3,4,5
576,25,61,20256,6,2,4
577,40,73,12586,2,4,1,5,0
578,26,15,16588,4,1,6,2,5
579,63,20,800000,1,5,6,2,3,0
580,77,62,69319,3,5,4,0,6
581,40,17,16685,2,0,6,5
582,22,39,10286,2,3,1,4
583,50,64,800000,6,4,2
584,16,64,287254,2,6,3
585,1,13,800000,0,6,3
586,3,61,268162,5,0,4
587,2,65,23147,5,4,0,6
588,15,61,22084,5,6,4,2
589,62,64,48276,1,4,3,6,2,5
590,1,61,800000,2,5,3,0,6
591,2,42,418022,3,2,6
592,23,62,76215,1,2,5
593,50,39,56283,0,3,6,2
594,77,66,780723,5,0,1,6,4,3
595,16,19,39612,2,3,6,5,1,4
596,23,39,62695,5,0,1,3,6
597,77,17,11638,5,0,1
598,45,50,185495,5,4,0,2,3
599,23,20,341924,5,3,2,4
600,50,42,540227,1,0,2,6,3,5
601,1,64,800000,1,5,6,4,3,2
602,77,73,12199,5,1,2,4,3
603,16,17,19542,2,3,5,1
604,65,34,34548,2,1,0,6
605,62,20,61718,1,4,3
606,22,64,434593,3,0,5,6,1
607,26,20,12054,3,1,0,2
608,1,20,800000,6,0,1,4,2
609,2,17,20564,5,3,4,0
610,45,73,15027,1,0,5,6
611,22,73,24754,6,3,0
612,26,34,17610,3,1,6,5
613,62,13,53350,4,3,1
614,16,65,39668,2,5,4,6,3,1
615,77,20,800000,5,1,6,4,0,3
616,3,13,118669,4,3,1
617,45,13,87255,2,0,3,5,6
618,31,20,337702,5,2,4,3,6,0
619,0,20,148040,5,0,4,2,3
620,63,64,800000,5,6,0
621,6,42,538680,5,0,6,1
622,23,20,280042,0,5,2,1,4,3
623,22,66,465198,5,0,6,1,2,3
624,23,73,17412,0,1,2,6,5,3
625,2,42,418022,3,2,6
626,2,50,682114,3,0,4
627,77,13,582812,3,2,0
628,54,15,33438,4,1,0
629,23,73,19760,1,2,4,3,5
630,31,73,24794,6,4,5
631,22,62,78475,1,3,2
632,63,13,800000,4,2,1,5,6
633,0,39,45823,4,2,3,6
634,1,42,456687,3,6,2
635,22,34,34951,3,1,5
636,15,64,14435,4,0,2,1,3,5
637,15,17,22963,4,1,2
638,2,42,501786,2,4,1
639,45,19,15875,3,2,6,4,1,5
640,2,42,501786,2,4,1
641,65,73,27107,6,1,0,4
642,22,13,500583,6,5,2,0,1
643,62,64,48276,1,4,3,6,2,5
644,65,64,10980,2,0,1,6
645,25,64,12791,3,2,0
646,16,65,39668,2,5,4,6,3,1
647,3,13,118669,4,3,1
648,31,34,32687,6,0,2
649,31,34,32687,6,0,2
650,22,15,34070,0,3,1
651,50,42,540227,1,0,2,6,3,5
652,54,19,31838,3,2,6,0,5,1
653,40,64,459201,2,3,1,6,5
654,6,13,800000,6,3,4,0,1,5
655,22,42,88371,6,0,3,1,2
656,73,64,15264,3,1,6,4
657,15,20,11370,2,0,6,1,4,5
658,45,39,39689,5,6,1
659,23,13,117965,2,5,4,0,6,3
660,2,42,501786,2,4,1
661,45,20,339856,4,6,5,1
662,40,19,12469,2,0,4,6,5
663,63,50,800000,4,3,1,2,6,0
664,54,15,31930,0,1,6
665,0,20,89575,4,6,0,2,1,5
666,0,42,109088,1,3,6,5,0
667,77,73,12583,3,4,6,5
668,0,62,57935,1,4,5,6
669,31,20,314171,3,0,2
670,3,13,114590,5,3,2
671,3,66,158683,2,3,5,6,0
672,50,66,800000,6,4,3,0,5
673,62,64,75101,1,3,0,5,4
674,73,64,14112,2,0,1,5
675,31,13,94958,3,1,0,4,2
676,1,42,541160,1,5,6,3,0
677,25,17,20720,3,4,5,2,6,1
678,25,20,10072,0,6,2,5,4,3
679,45,62,56007,1,0,4,3,2,6
680,45,61,407954,3,1,6,5
681,65,17,23501,6,5,2,4
682,2,65,19773,5,1,4,2
683,40,73,12586,2,4,1,5,0
684,26,19,17393,5,0,6,4,2
685,1,17,10065,0,2,5,4
686,77,66,385719,6,0,3,2,4
687,0,42,99041,4,5,6
688,62,20,61718,1,4,3
689,2,15,22256,3,6,5,1,2
690,50,62,48790,0,1,4
691,1,50,800000,4,5,6,0
692,25,73,25953,4,3,2,0,1,5
693,15,20,10356,0,2,4,3
694,22,61,720303,0,1,6,3,2
695,16,50,162931,6,2,1,4
696,16,20,349711,3,5,0,2
697,3,39,46641,2,6,0,4
698,77,13,552241,2,1,6
699,54,34,27155,3,6,5,1,4
700,77,65,12417,1,0,4
701,77,65,12417,1,0,4
702,45,50,185495,5,4,0,2,3
703,23,42,258062,3,1,4,6,2,5
704,77,62,69319,3,5,4,0,6
705,31,19,39361,5,2,4,3,1
706,40,34,15692,4,5,6,0,1
707,62,66,57773,2,1,6,4
708,16,61,442152,2,0,1,3
709,40,19,13164,2,3,0,5
710,15,19,41945,6,2,5
711,31,34,32687,6,0,2
712,77,66,780723,5,0,1,6,4,3
713,2,50,549641,0,5,2,4,6
714,63,13,800000,5,6,3,2,4,1
715,22,65,27816,4,2,6
716,22,13,541251,0,2,5,4
717,45,65,11447,4,6,2,1,3,5
718,40,64,426092,6,5,0
719,15,65,35009,4,3,0,6
720,54,34,36733,2,0,4
721,23,39,67586,5,6,1,2
722,65,17,28451,3,4,0,1,6
723,2,65,21109,3,2,4,1
724,15,20,10356,0,2,4,3
725,23,64,342938,4,0,6,1
726,31,20,331553,0,6,3,2
727,45,50,185495,5,4,0,2,3
728,23,20,280042,0,5,2,1,4,3
729,3,50,187762,4,6,0,1
730,77,42,526495,5,3,1,4,6,2
731,54,65,31124,3,5,2,4,1,0
732,15,19,36780,5,3,0,2,1
733,62,64,78219,1,2,6,0,5
734,45,61,425042,3,6,5
735,26,61,13490,1,0,4,5
736,16,73,28175,6,3,1,2,4,5
737,45,62,56804,3,4,2,1,6,0
738,23,42,193074,2,4,3
739,31,39,47212,0,4,1,5,2
740,73,65,29053,5,3,2
741,31,64,289336,5,3,4
742,40,61,475678,0,5,1,6,2,3
743,40,42,191099,2,1,6,0,3
744,31,62,75631,4,0,6
745,73,15,26262,6,4,1
746,45,34,14230,4,5,6,2
747,77,13,552241,2,1,6
748,26,73,15432,6,3,0
749,22,64,434593,3,0,5,6,1
750,31,20,314171,3,0,2
751,54,34,36733,2,0,4
752,16,17,25911,1,2,6,5
753,77,64,800000,4,0,2,5
754,25,34,52627,2,1,0,3
755,45,50,200540,3,4,5,6,1
756,40,42,206176,0,4,5
757,23,19,19593,6,3,1,2
758,77,73,12379,4,3,2,5
759,45,15,13932,4,0,2
760,15,65,35009,4,3,0,6
761,2,61,800000,1,4,0
762,73,61,22365,5,0,1,2,3,6
763,16,13,109229,3,1,6,0
764,77,42,493032,0,2,6
765,50,13,800000,2,1,4,0,5,3
766,77,62,61109,1,4,2,3,0,5
767,77,20,800000,5,6,3,4,2,1
768,25,15,53870,0,1,3
769,0,50,112865,5,3,2
770,45,34,14230,4,5,6,2
771,16,20,358150,4,0,3,1,5
772,22,15,31980,2,3,0,5,1
773,3,62,76422,6,0,4,2
774,0,50,112865,5,3,2
775,6,13,800000,0,4,5
776,45,20,406546,2,0,1,6
777,45,61,450733,0,4,5,3,2
778,54,34,32587,5,6,2,3,0,4
779,45,64,534655,6,3,4,1,2
780,25,19,37767,3,1,6,4,2,0
781,77,20,800000,1,5,3,0
782,40,13,84258,1,3,4,6
783,54,20,12163,1,6,4,5
784,63,13,800000,4,2,1,5,6
785,65,34,36059,1,5,6,4,0,2
786,54,34,36733,2,0,4
787,1,13,800000,5,4,0,3
788,0,64,98057,2,1,4,6,3,0
789,50,66,800000,0,4,2,3,1
790,45,62,59734,0,5,6,4,1,3
791,77,65,12506,0,2,4
792,1,20,800000,2,1,5,6,4
793,77,50,395404,6,2,4,5,0
794,15,73,19971,3,4,0,6
795,1,13,800000,5,4,0,3
796,15,64,12970,5,1,0,6,4,3
797,31,42,202302,1,6,2,3
798,40,65,16455,6,3,2,5
799,45,15,14099,1,5,6
800,3,61,264497,2,0,6,5,3
801,16,66,107846,1,3,5
802,1,61,800000,1,3,4,2,6
803,77,73,12199,5,1,2,4,3
804,22,65,27692,1,3,0
805,23,13,117965,2,5,4,0,6,3
806,65,64,13524,5,1,6,2
807,62,66,70432,6,2,1,0
808,16,17,19542,2,3,5,1
809,77,34,12267,6,2,4,3,5,0
810,22,73,24754,6,3,0
811,45,64,364003,2,6,4
812,26,73,18326,5,1,0,2
813,77,39,57950,1,3,2,4,5,0
814,3,20,249780,3,0,4,5,6,2
815,16,15,50153,0,2,1
816,73,65,25488,5,2,1,3,0
817,45,19,13560,3,1,4,6,2
818,22,64,504569,4,5,0,1,2
819,54,64,13356,2,6,4,0,1,5
820,25,65,40385,2,3,0
821,0,62,60947,3,0,2
822,26,65,19842,3,4,6
823,77,64,800000,6,2,4,0,1
824,31,34,44300,1,3,6,4,2,5
825,54,15,39067,0,1,4,3,2
826,25,34,40447,6,1,2
827,26,17,15027,1,6,2,3,4,0
828,0,64,127933,6,1,3,0,2
829,63,13,800000,4,2,1,5,6
830,45,17,12382,5,1,0,3
831,23,42,258062,3,1,4,6,2,5
832,22,15,34070,0,3,1
833,23,65,16716,1,2,6,0,3
834,1,50,800000,5,6,0,3,1,4
835,23,73,16762,5,2,3
836,31,42,165534,3,0,2,1
837,3,19,10656,0,5,4
838,31,66,115697,2,0,1,3
839,16,73,28215,4,3,1
840,40,39,37763,5,2,6,3,0
841,2,20,800000,4,1,0,5,3
842,26,34,16791,0,6,1,3,5,2
843,50,66,800000,2,5,3,1,4,6
844,16,42,155146,1,2,3
845,22,15,27483,3,4,1
846,40,13,84258,1,3,4,6
847,63,13,800000,6,1,5,4,2
848,6,42,610885,2,5,4,0,3,6
849,26,73,18326,5,1,0,2
850,77,66,800000,6,0,1,2,5,4
851,31,65,41701,0,4,2
852,45,17,14226,0,5,1,6,2,4
853,23,66,170172,6,2,3,5
854,26,34,16791,0,6,1,3,5,2
855,2,66,738386,1,2,4,6
856,15,73,19971,3,4,0,6
857,22,61,429598,6,2,1
858,23,64,342938,4,0,6,1
859,31,19,32344,6,5,3,4,0,2
860,16,73,27629,2,6,0,3,1
861,1,13,800000,5,4,0,3
862,54,19,31838,3,2,6,0,5,1
863,16,17,28515,3,0,6
864,16,15,50153,0,2,1
865,45,42,196395,1,5,4,6
866,16,39,36905,3,4,1,2
867,50,13,800000,6,2,3
868,54,20,13030,1,4,6,2,3
869,3,50,163723,4,1,5,2
870,15,64,12007,2,5,0,1,3,4
871,63,61,800000,3,1,0,2
872,73,61,18755,0,4,1,6,3
873,77,34,12267,6,2,4,3,5,0
874,77,20,800000,1,5,3,0
875,2,34,20616,2,0,3,6,1,5
876,1,62,71322,3,5,0,4,1,2
877,31,20,270896,1,2,4
878,6,62,65061,3,1,6
879,25,73,25558,3,2,4,6
880,3,61,268162,5,0,4
881,23,64,342938,4,0,6,1
882,73,19,30698,4,5,6
883,45,64,373913,4,1,3
884,54,34,36733,2,0,4
885,40,50,194403,4,5,3,0
886,31,15,33699,5,3,2,6,4,1
887,22,15,31980,2,3,0,5,1
888,77,62,73998,4,1,2
889,1,42,669075,3,6,1
890,50,61,800000,5,3,6
891,2,62,85029,1,6,4
892,73,19,30698,4,5,6
893,25,17,23617,5,1,3
894,54,19,30827,0,2,4,5,1,3
895,40,50,194403,4,5,3,0
896,77,34,12661,3,2,5,0
897,0,50,136336,3,1,5
898,65,19,30357,0,2,3,4
899,1,15,11181,6,0,2,1
900,3,65,10047,4,6,2,3,1
901,1,17,10168,5,1,4,2,0
902,31,50,189462,6,5,3,0,4
903,15,19,38973,3,0,2,5,4
904,6,39,58944,3,2,5,6,4,1
905,16,39,42018,1,5,3,0,6
906,3,62,85984,2,5,6,0,4
907,22,50,514105,0,5,4,6,3
908,23,34,17677,4,5,3
909,1,13,800000,0,6,3
910,6,62,59837,0,1,2,5
911,65,19,36237,4,2,1,5,0,6
912,40,20,259087,3,4,5,6
913,50,61,800000,5,3,6
914,25,15,49602,1,5,0,4,6,3
915,77,42,526495,5,3,1,4,6,2
916,15,65,32529,4,5,0,2,3,1
917,54,34,36733,2,0,4
918,26,73,15432,6,3,0
919,1,13,800000,0,6,3
920,3,13,116224,5,6,0,4,3
921,77,66,619638,6,3,2,4,1,0
922,26,17,15027,1,6,2,3,4,0
923,23,62,67387,1,5,0,4,6
924,50,13,800000,2,1,4,0,5,3
925,50,62,58524,3,6,4,2,1
926,62,64,61511,2,3,5,0
927,31,13,90653,2,6,3,5,4,0
928,6,61,800000,5,4,0,6,3,1
929,3,19,11127,3,0,6,4,2,5
930,54,20,12039,2,1,3,6
931,77,50,770604,1,6,5,3,0
932,40,61,334450,5,3,0,2,4
933,23,65,16716,1,2,6,0,3
934,23,19,19593,6,3,1,2
935,77,15,13285,5,0,1,6
936,45,17,13215,2,5,4
937,16,61,451257,1,3,0,5,4
938,65,61,19638,3,6,2
939,54,20,12163,1,6,4,5
940,26,34,17484,4,1,0,2
941,31,34,32687,6,0,2
942,16,20,410651,6,3,1,4,0
943,23,64,322118,2,5,1,0
944,65,64,10980,2,0,1,6
945,0,20,121369,6,5,0,1
946,73,19,24603,5,6,1
947,2,13,505389,2,4,5,6
948,22,50,638605,2,4,3,5,6,0
949,40,65,14449,4,5,0,2
950,73,19,30698,4,5,6
951,0,64,147513,5,1,3,0
952,2,15,22788,6,3,2,0,5
953,77,17,11303,6,5,1
954,22,50,558825,6,5,3
955,31,66,115697,2,0,1,3
956,23,13,85290,6,0,2,4,5,1
957,62,66,70432,6,2,1,0
958,25,61,18950,3,5,4,0,1,6
959,63,13,800000,4,2,1,5,6
960,1,13,800000,5,4,0,3
961,73,64,15018,2,1,6
962,73,19,28626,4,3,6
