0,3,61,264497,2,0,6,5,3
1,23,20,280042,0,5,2,1,4,3
2,6,61,800000,5,4,0,6,3,1
3,0,39,45481,6,1,2
4,6,39,58944,3,2,5,6,4,1
5,2,13,505389,2,4,5,6
6,40,64,459201,2,3,1,6,5
7,16,64,378337,6,2,1
8,62,64,78219,1,2,6,0,5
9,50,13,800000,2,1,4,0,5,3
10,16,65,32704,4,2,6,5
11,31,15,43624,5,0,1,4,2
12,0,66,105786,0,5,3,6,4
13,16,73,28215,4,3,1
14,15,61,18068,0,5,3
15,15,61,18068,0,5,3
16,22,15,27483,3,4,1
17,0,64,127933,6,1,3,0,2
18,16,65,33925,5,6,2,1,4,3
19,15,20,11370,2,0,6,1,4,5
20,22,17,24688,0,6,3,2,5,4
21,6,50,800000,2,6,3,4
22,3,20,245909,3,4,5,1,2,0
23,77,42,526495,5,3,1,4,6,2
24,77,50,770604,1,6,5,3,0
25,45,17,14253,2,0,5,3,6
26,62,66,66500,1,6,5,2,0,4
27,6,64,800000,6,4,1,2,5
28,31,62,58627,0,6,3,1,2,4
29,45,15,15426,2,4,5,6,3,1
30,26,73,18326,5,1,0,2
31,77,20,800000,5,6,3,4,2,1
32,63,50,800000,0,1,3,4
33,6,13,800000,6,3,4,0,1,5
34,15,34,46250,2,4,0,3,5,6
35,15,64,13536,1,5,6
36,54,15,36629,6,2,1,3
37,73,34,25169,5,1,0
38,31,34,35072,3,0,2
39,65,64,12611,2,6,1,4,0
40,63,39,44148,2,1,6,3,4
41,54,34,32587,5,6,2,3,0,4
42,16,62,87807,0,4,5
43,23,66,184741,5,2,0,1,6,3
44,62,61,86594,5,2,0,6,3
45,3,39,46311,5,3,0
46,25,61,20256,6,2,4
47,6,64,800000,2,0,6,5
48,1,13,800000,5,4,0,3
49,31,17,23993,1,3,0
50,40,64,426092,6,5,0
51,23,62,67387,1,5,0,4,6
52,45,13,89340,1,5,4,2,6
53,63,66,800000,6,3,5
54,15,20,10356,0,2,4,3
55,16,73,27284,4,6,5,0,2
56,3,61,264497,2,0,6,5,3
57,22,19,32218,3,1,6,4
58,22,66,465198,5,0,6,1,2,3
59,73,34,27811,1,6,0
60,16,13,109229,3,1,6,0
61,40,13,69519,3,4,0,2
62,25,64,13759,3,6,5,0
63,31,62,93282,2,0,5,4,1
64,62,13,61065,3,0,1,2,4
65,45,17,12382,5,1,0,3
66,23,17,16328,0,5,2,3
67,6,66,800000,0,2,1
68,6,61,800000,4,5,2,3
69,15,34,43112,0,5,4
70,6,13,800000,6,3,4,0,1,5
71,0,64,109466,0,6,4
72,15,34,38759,4,6,2,5,1
73,65,34,34548,2,1,0,6
74,2,73,22721,0,6,4,2,5
75,31,61,430146,1,5,0,2,3
76,6,39,61754,3,4,0
77,45,19,13004,2,4,1,5,3,0
78,16,39,48571,4,3,5,2
79,40,15,14420,4,6,1
80,2,15,22256,3,6,5,1,2
81,45,42,156172,1,0,3
82,23,20,280042,0,5,2,1,4,3
83,22,19,32218,3,1,6,4
84,31,66,140337,6,0,2,4,3
85,31,62,58627,0,6,3,1,2,4
86,16,61,442152,2,0,1,3
87,50,61,800000,5,6,1
88,45,20,364302,2,1,5,6,3
89,2,34,22920,5,1,3,6
90,25,64,12791,3,2,0
91,77,65,12417,1,0,4
92,45,73,15027,1,0,5,6
93,40,42,191099,2,1,6,0,3
94,65,19,36237,4,2,1,5,0,6
95,25,19,43776,0,6,4
96,16,73,28215,4,3,1
97,63,64,800000,2,1,4,6
98,45,73,15027,1,0,5,6
99,77,65,12417,1,0,4
100,15,61,22084,5,6,4,2
101,77,39,44634,6,4,5,3,0
102,77,73,12379,4,3,2,5
103,40,61,455662,6,1,2,5,0
104,73,17,25959,2,5,4,6,3,1
105,3,19,11127,3,0,6,4,2,5
106,15,34,43112,0,5,4
107,73,17,23348,5,1,3,4,0
108,62,13,55279,3,4,2,6
109,40,42,191099,2,1,6,0,3
110,23,64,304388,5,4,2
111,45,42,200340,3,5,0,1,6
112,40,62,83758,2,1,4,3,5,0
113,16,20,383979,0,4,3,2
114,73,65,25488,5,2,1,3,0
115,62,50,65512,5,6,4,2,1,0
116,6,62,59837,0,1,2,5
117,45,42,156172,1,0,3
118,77,50,800000,0,6,1,4
119,65,73,27107,6,1,0,4
120,62,50,71863,1,4,6
121,23,20,341924,5,3,2,4
122,2,73,23573,0,5,2,3
123,50,20,800000,1,4,5,0,2,3
124,15,17,20476,2,3,0
125,2,34,20616,2,0,3,6,1,5
126,23,19,15750,5,1,4,3
127,1,50,800000,5,6,0,3,1,4
128,73,64,14112,2,0,1,5
129,77,62,73998,4,1,2
130,54,15,39067,0,1,4,3,2
131,45,17,12382,5,1,0,3
132,31,62,75631,4,0,6
133,15,20,10356,0,2,4,3
134,65,34,33112,5,1,0
135,63,39,51178,1,6,4
136,40,34,14976,3,5,2,0,4,6
137,0,39,48053,2,0,6,3
138,16,13,109229,3,1,6,0
139,50,13,800000,6,2,3
140,22,64,363881,3,1,0
141,65,73,24493,3,4,1,2,5,0
142,45,15,15426,2,4,5,6,3,1
143,31,64,317897,3,4,1,2,0
144,50,42,474922,5,3,4,6
145,2,19,19594,2,5,1,6
146,77,39,44634,6,4,5,3,0
147,63,61,800000,3,1,0,2
148,73,15,28585,0,1,5,6
149,25,73,30241,3,1,4,0,2
150,54,15,36629,6,2,1,3
151,40,50,196433,3,1,2,6,5
152,1,42,669075,3,6,1
153,16,61,442152,2,0,1,3
154,65,61,18097,6,1,2,0,4
155,3,62,64866,2,0,5,4,6
156,31,66,115697,2,0,1,3
157,3,13,94342,3,0,4,2,1,5
158,0,61,130082,2,4,5,1,6,3
159,1,61,800000,2,5,3,0,6
160,25,19,36516,2,0,4,1,6,3
161,1,17,10168,5,1,4,2,0
162,23,34,17750,5,1,3
163,16,66,117860,4,1,3
164,2,61,800000,6,1,2,3
165,2,65,23147,5,4,0,6
166,2,62,74009,5,2,4,0,1
167,3,39,46311,5,3,0
168,23,62,67897,1,0,2,3
169,54,61,23274,2,3,6,1
170,3,61,169763,3,5,2,0,1
171,22,64,434593,3,0,5,6,1
172,25,20,10072,0,6,2,5,4,3
173,16,13,79718,0,2,1
174,45,73,14415,6,0,3
175,73,20,12165,1,6,4
176,50,62,58524,3,6,4,2,1
177,16,15,46744,1,3,6,5
178,22,13,541251,0,2,5,4
179,31,39,48693,4,1,3,2,6
180,54,15,33438,4,1,0
181,16,13,98888,2,5,6,0,4,3
182,31,20,337702,5,2,4,3,6,0
183,16,42,164979,6,4,1,0
184,15,61,22084,5,6,4,2
185,31,42,165534,3,0,2,1
186,16,42,158796,6,1,4
187,40,65,14449,4,5,0,2
188,45,64,373913,4,1,3
189,63,50,800000,4,3,1,2,6,0
190,22,64,504569,4,5,0,1,2
191,45,19,13131,3,6,4,2,5
192,77,19,13221,6,0,5,1,2,3
193,16,66,131729,5,1,3
194,2,39,59513,2,0,6
195,45,39,49942,5,3,4,2,1,6
196,15,73,26519,5,2,1,4,6
197,6,42,610885,2,5,4,0,3,6
198,63,64,800000,5,6,0
199,77,73,12199,5,1,2,4,3
200,54,19,30827,0,2,4,5,1,3
201,1,13,800000,4,1,6
202,65,20,11063,2,3,4
203,22,20,465570,6,2,5,0,4
204,31,61,460024,0,4,5,2,3
205,45,42,154200,2,3,0,4
206,77,13,582812,3,2,0
207,45,62,59734,0,5,6,4,1,3
208,23,50,212221,6,4,0,1,3,2
209,40,13,95812,4,1,0,3,2
210,73,19,24603,5,6,1
211,6,20,800000,1,4,0,6,2,5
212,65,61,19638,3,6,2
213,63,61,800000,3,1,0,2
214,6,62,65061,3,1,6
215,22,65,27816,4,2,6
216,23,66,198678,3,2,5,4
217,31,17,24025,3,1,0
218,1,64,800000,1,2,4,3,6,5
219,50,42,474922,5,3,4,6
220,16,15,50153,0,2,1
221,63,13,800000,4,2,1,5,6
222,3,42,158963,2,0,4
223,1,64,800000,1,2,4,3,6,5
224,31,19,35385,3,0,2,4
225,31,20,314171,3,0,2
226,26,20,12054,3,1,0,2
227,2,17,18860,5,6,3,4,1,2
228,6,62,59837,0,1,2,5
229,23,13,106770,6,3,1,4,0
230,50,13,800000,6,5,1,0,2,4
231,31,42,175587,4,2,1,3,5
232,16,50,166251,2,5,1,3,6
233,23,17,15707,5,0,2,1,6
234,22,19,32218,3,1,6,4
235,0,64,98057,2,1,4,6,3,0
236,73,20,12165,1,6,4
237,23,65,16180,4,0,1,3,5,6
238,0,64,98057,2,1,4,6,3,0
239,15,20,10572,1,0,5,4,2
240,0,13,67352,0,6,4,3
241,3,64,312701,1,0,4,3
242,22,64,363881,3,1,0
243,62,20,88704,3,6,1
244,54,20,12163,1,6,4,5
245,45,42,156172,1,0,3
246,26,15,17534,0,4,5
247,3,61,268162,5,0,4
248,65,17,18694,2,3,0
249,22,61,618604,6,0,5,2,1,3
250,2,15,22256,3,6,5,1,2
251,50,39,54702,6,0,2
252,16,39,57419,1,5,3,6,2
253,54,34,36733,2,0,4
254,22,42,93118,5,2,6,0
255,2,62,79753,2,5,4,6,1,3
256,73,65,29053,5,3,2
257,50,39,59935,2,0,5,3
258,23,34,17677,4,5,3
259,22,19,36429,1,0,5
260,3,13,118669,4,3,1
261,40,61,455662,6,1,2,5,0
262,45,62,56804,3,4,2,1,6,0
263,25,73,30241,3,1,4,0,2
264,23,42,220389,5,4,1
265,25,34,44254,5,3,0,1,6,4
266,63,42,407886,1,5,0,3,2
267,22,62,78881,6,2,1,0
268,22,42,112003,4,6,3
269,40,20,259087,3,4,5,6
270,77,61,800000,4,5,2
271,65,15,34377,6,4,1,3,5,0
272,26,65,16082,3,0,2,4,1,6
273,65,61,19658,1,6,5
274,40,17,13218,1,6,4,3
275,23,20,371694,4,3,6,2,5,1
276,6,39,57286,1,2,5
277,16,66,131729,5,1,3
278,63,13,800000,4,2,1,5,6
279,1,62,71322,3,5,0,4,1,2
280,31,42,165534,3,0,2,1
281,23,20,280042,0,5,2,1,4,3
282,23,73,19760,1,2,4,3,5
283,22,20,585728,5,3,1,0,6
284,16,15,46744,1,3,6,5
285,62,66,70432,6,2,1,0
286,26,65,16378,2,0,5
287,40,66,106094,6,3,1,5,0
288,1,62,71322,3,5,0,4,1,2
289,40,13,100593,1,2,5,0
290,65,19,36237,4,2,1,5,0,6
291,31,15,33699,5,3,2,6,4,1
292,22,17,22430,1,2,5
293,77,62,73998,4,1,2
294,31,19,45655,1,5,2
295,26,19,16879,4,0,5
296,15,17,22963,4,1,2
297,2,50,800000,0,1,3,2,6
298,1,17,10065,0,2,5,4
299,45,62,56804,3,4,2,1,6,0
300,40,65,14449,4,5,0,2
301,6,61,800000,0,4,1
302,16,20,358150,4,0,3,1,5
303,22,65,27692,1,3,0
304,2,64,800000,6,0,1
305,54,34,26645,3,4,6,0,5
306,2,73,23573,0,5,2,3
307,77,17,11303,6,5,1
308,63,64,800000,3,0,6,4
309,2,19,21930,2,4,0,1
310,62,50,57936,2,6,3,4
311,23,15,19267,6,0,5
312,23,62,67387,1,5,0,4,6
313,54,73,31032,1,5,0,6,4,3
314,77,34,12661,3,2,5,0
315,6,42,610885,2,5,4,0,3,6
316,31,64,342256,0,3,5,4
317,16,19,32303,6,1,2,3
318,2,42,350305,0,2,3
319,31,15,33699,5,3,2,6,4,1
320,31,20,337702,5,2,4,3,6,0
321,2,19,23424,3,5,4,1,0
322,50,61,800000,5,3,6
323,31,65,24176,4,5,2,1,3,6
324,31,66,110613,1,4,2,0
325,45,19,15875,3,2,6,4,1,5
326,2,13,699161,4,2,0,6,3
327,31,34,38130,0,6,4
328,22,66,585272,6,0,5,3
329,2,64,800000,5,4,1,0,3
330,1,50,800000,4,5,6,0
331,3,50,224072,2,4,0,3
332,22,17,24158,4,5,3
333,2,65,19773,5,1,4,2
334,77,66,800000,6,0,1,2,5,4
335,26,15,16588,4,1,6,2,5
336,3,50,187762,4,6,0,1
337,1,19,10004,1,3,2,4
338,3,19,10530,3,4,5
339,0,50,136336,3,1,5
340,22,13,516035,2,4,3,6
341,1,66,800000,6,5,0,2,1
342,3,13,94342,3,0,4,2,1,5
343,63,50,800000,1,0,5
344,65,20,11021,0,1,5
345,22,34,32807,4,5,3,0
346,45,34,15402,4,3,0,2,5,6
347,0,66,102398,5,4,0,3,6
348,3,61,264497,2,0,6,5,3
349,77,19,15014,0,1,4,3,5,2
350,3,39,48627,2,6,5,1
351,2,42,501786,2,4,1
352,62,50,57936,2,6,3,4
353,23,66,203385,6,3,1
354,26,65,19842,3,4,6
355,45,65,14038,6,1,4,5
356,40,15,16713,6,4,1,5
357,15,73,26519,5,2,1,4,6
358,2,62,77351,2,1,4
359,45,62,56804,3,4,2,1,6,0
360,15,73,19971,3,4,0,6
361,50,64,800000,6,4,2
362,77,61,800000,4,5,2
363,63,61,800000,1,4,6,2,5
364,2,61,800000,0,3,4,1,2
365,50,64,800000,6,4,2
366,63,50,800000,1,0,5
367,65,61,19638,3,6,2
368,25,64,13640,0,3,2,4,6,1
369,1,62,71322,3,5,0,4,1,2
370,22,66,653507,2,0,3,6,4
371,45,39,45777,6,5,1,3,2,4
372,15,20,10356,0,2,4,3
373,3,20,229258,2,5,3
374,3,15,10933,1,4,3,5,0
375,45,61,425042,3,6,5
376,22,20,659410,3,0,6
377,1,20,800000,6,0,1,4,2
378,3,64,242522,4,1,3
379,54,73,26463,0,2,5,1
380,45,50,185495,5,4,0,2,3
381,16,50,248427,2,4,6
382,54,34,27155,3,6,5,1,4
383,0,62,48793,6,2,0,3,5,1
384,23,20,371694,4,3,6,2,5,1
385,2,64,800000,5,4,2
386,54,20,12163,1,6,4,5
387,31,50,235868,4,0,6,5
388,62,42,68911,2,0,3,6,4,5
389,23,50,218422,6,0,3,2,1
390,25,65,40385,2,3,0
391,62,66,57773,2,1,6,4
392,22,13,560066,6,1,5,3
393,26,20,12054,3,1,0,2
394,15,34,43112,0,5,4
395,31,65,41701,0,4,2
396,65,73,24493,3,4,1,2,5,0
397,73,64,15018,2,1,6
398,65,20,10064,5,0,6,2,1,4
399,65,20,11063,2,3,4
400,26,17,15027,1,6,2,3,4,0
401,26,17,15027,1,6,2,3,4,0
402,22,19,36429,1,0,5
403,65,19,35548,1,3,0,6
404,77,42,537717,0,2,6,5
405,73,64,15264,3,1,6,4
406,77,66,780723,5,0,1,6,4,3
407,63,66,800000,5,6,0,3
408,31,15,43624,5,0,1,4,2
409,26,73,15432,6,3,0
410,45,65,11745,5,3,0,4
411,50,64,800000,6,1,4,3,5
412,65,17,28451,3,4,0,1,6
413,15,19,36780,5,3,0,2,1
414,15,64,12007,2,5,0,1,3,4
415,2,15,22039,3,6,1,2
416,40,62,66469,3,6,2,5,4
417,31,13,95847,5,1,6
418,63,50,800000,1,0,5
419,16,50,162931,6,2,1,4
420,23,50,251659,6,5,3,1,0,4
421,16,61,442152,2,0,1,3
422,23,15,19267,6,0,5
423,63,62,52648,4,1,6
424,2,73,22721,0,6,4,2,5
425,15,34,38759,4,6,2,5,1
426,15,65,37129,3,4,2
427,22,13,500583,6,5,2,0,1
428,22,34,34951,3,1,5
429,40,39,44283,2,1,6
430,50,64,800000,6,1,4,3,5
431,63,39,51178,1,6,4
432,16,65,33925,5,6,2,1,4,3
433,63,13,800000,4,2,1,5,6
434,54,34,27155,3,6,5,1,4
435,23,73,17947,5,3,6
436,40,42,206176,0,4,5
437,45,19,13131,3,6,4,2,5
438,45,62,74012,4,2,5,1
439,45,19,15875,3,2,6,4,1,5
440,31,20,331553,0,6,3,2
441,3,13,118669,4,3,1
442,54,73,26463,0,2,5,1
443,40,65,16455,6,3,2,5
444,40,50,196433,3,1,2,6,5
445,6,50,800000,0,2,3
446,26,73,15432,6,3,0
447,31,34,38130,0,6,4
448,40,62,62289,3,4,6,2
449,16,66,107846,1,3,5
450,22,50,514105,0,5,4,6,3
451,25,20,11304,3,4,0
452,15,19,38973,3,0,2,5,4
453,22,66,594034,2,6,0,1
454,1,50,800000,5,6,0,3,1,4
455,65,19,35548,1,3,0,6
456,31,13,95847,5,1,6
457,77,50,800000,4,6,0,1,5
458,62,13,61065,3,0,1,2,4
459,2,61,800000,0,3,4,1,2
460,2,62,85029,1,6,4
461,77,42,493032,0,2,6
462,2,50,549641,0,5,2,4,6
463,77,42,388892,6,4,1,0,5,3
464,31,42,175587,4,2,1,3,5
465,63,20,800000,6,4,0,2,1
466,25,17,20720,3,4,5,2,6,1
467,65,61,21483,6,1,0
468,50,20,800000,4,0,6,5
469,26,64,12508,1,3,0,2,5,4
470,45,34,14230,4,5,6,2
471,1,64,800000,1,2,4,3,6,5
472,1,19,10004,1,3,2,4
473,23,50,218422,6,0,3,2,1
474,77,19,15014,0,1,4,3,5,2
475,65,17,18694,2,3,0
476,65,19,30620,2,6,3,1
477,2,17,18860,5,6,3,4,1,2
478,3,61,268162,5,0,4
479,23,34,17646,6,2,3,0,1,5
480,23,20,280042,0,5,2,1,4,3
481,54,17,27679,4,5,1,3,6
482,62,64,48276,1,4,3,6,2,5
483,31,66,140337,6,0,2,4,3
484,40,73,16417,1,4,3,6,2
485,16,20,358150,4,0,3,1,5
486,62,50,71863,1,4,6
487,77,15,13143,4,1,3,0
488,2,34,20856,3,1,0,2,6
489,1,39,60804,6,1,4,0,3,5
490,62,50,71863,1,4,6
491,45,34,14422,4,3,2,0,6,1
492,2,13,505389,2,4,5,6
493,65,15,39805,3,0,5
494,23,19,19593,6,3,1,2
495,45,65,14038,6,1,4,5
496,1,61,800000,1,3,4,2,6
497,65,64,10980,2,0,1,6
498,50,62,58524,3,6,4,2,1
499,16,15,50153,0,2,1
500,23,17,16328,0,5,2,3
501,22,66,465198,5,0,6,1,2,3
502,40,50,136011,5,6,2,3,0
503,77,13,582812,3,2,0
504,65,73,26052,1,0,5,6
505,22,61,720303,0,1,6,3,2
506,0,20,127303,2,5,6,0,4
507,77,61,800000,4,2,5,6,0,3
508,3,66,158683,2,3,5,6,0
509,31,34,44300,1,3,6,4,2,5
510,73,20,12165,1,6,4
511,31,13,80509,1,0,2,5,4,6
512,25,61,19297,5,2,4
513,45,73,14415,6,0,3
514,0,61,130082,2,4,5,1,6,3
515,40,13,69519,3,4,0,2
516,31,42,175587,4,2,1,3,5
517,77,73,12583,3,4,6,5
518,16,62,104426,1,3,5,4,2,0
519,1,42,669075,3,6,1
520,54,19,35025,1,4,3,0,2,6
521,16,17,27484,1,4,3
522,65,15,34377,6,4,1,3,5,0
523,2,20,800000,0,5,6,1,4,2
524,23,65,20048,0,3,4
525,45,66,156973,2,1,3
526,22,17,24688,0,6,3,2,5,4
527,31,19,39361,5,2,4,3,1
528,0,42,146811,5,3,0,6,2
529,22,34,28824,5,0,2,4,3,6
530,3,19,11127,3,0,6,4,2,5
531,45,34,14230,4,5,6,2
532,26,19,17546,3,6,1
533,16,15,50153,0,2,1
534,31,17,24025,3,1,0
535,62,20,72372,5,1,0,4,3,2
536,54,65,29917,4,5,0,6,3
537,63,13,800000,6,1,5,4,2
538,3,13,114590,5,3,2
539,31,66,115697,2,0,1,3
540,63,66,800000,6,3,5
541,31,13,95847,5,1,6
542,77,66,385719,6,0,3,2,4
543,3,15,10933,1,4,3,5,0
544,22,19,33616,6,4,0,3,1,5
545,45,42,154200,2,3,0,4
546,45,20,364302,2,1,5,6,3
547,22,66,585272,6,0,5,3
548,22,50,558825,6,5,3
549,77,50,800000,4,6,0,1,5
550,31,20,270896,1,2,4
551,54,15,39067,0,1,4,3,2
552,16,17,25911,1,2,6,5
553,77,66,800000,6,0,1,2,5,4
554,73,19,24603,5,6,1
555,62,42,65264,0,3,1,5
556,63,62,52648,4,1,6
557,26,15,17050,1,5,4,2
558,1,17,10065,0,2,5,4
559,16,64,287254,2,6,3
560,22,65,28632,3,0,5,1,2,4
561,73,61,18755,0,4,1,6,3
562,77,62,69319,3,5,4,0,6
563,77,65,12379,4,1,3,6,0
564,2,20,800000,4,1,0,5,3
565,40,13,100593,1,2,5,0
566,2,66,598831,3,6,4,5,0,2
567,63,62,62646,1,0,2,3,4
568,77,39,46267,6,1,3
569,3,65,10047,4,6,2,3,1
570,3,39,51244,5,4,0
571,15,65,37129,3,4,2
572,50,62,48790,0,1,4
573,45,73,13382,5,3,4,6
574,23,62,67897,1,0,2,3
575,31,62,95371,6,1,5,4,2
576,2,13,505389,2,4,5,6
577,63,50,800000,4,3,1,2,6,0
578,73,34,25169,5,1,0
579,2,66,564517,2,0,6,3,1,4
580,65,73,28259,5,6,0,1
581,63,20,800000,1,5,6,2,3,0
582,15,65,35009,4,3,0,6
583,45,39,45868,6,0,4
