0,31,20,270896,1,2,4
1,54,15,39067,0,1,4,3,2
2,16,17,25911,1,2,6,5
3,77,66,800000,6,0,1,2,5,4
4,73,19,24603,5,6,1
5,62,42,65264,0,3,1,5
6,63,62,52648,4,1,6
7,26,15,17050,1,5,4,2
8,1,17,10065,0,2,5,4
9,16,64,287254,2,6,3
10,22,65,28632,3,0,5,1,2,4
11,73,61,18755,0,4,1,6,3
12,77,62,69319,3,5,4,0,6
13,77,65,12379,4,1,3,6,0
14,2,20,800000,4,1,0,5,3
15,40,13,100593,1,2,5,0
16,2,66,598831,3,6,4,5,0,2
17,63,62,62646,1,0,2,3,4
18,77,39,46267,6,1,3
19,3,65,10047,4,6,2,3,1
20,3,39,51244,5,4,0
21,15,65,37129,3,4,2
22,50,62,48790,0,1,4
23,45,73,13382,5,3,4,6
24,23,62,67897,1,0,2,3
25,31,62,95371,6,1,5,4,2
26,2,13,505389,2,4,5,6
27,63,50,800000,4,3,1,2,6,0
28,73,34,25169,5,1,0
29,2,66,564517,2,0,6,3,1,4
30,65,73,28259,5,6,0,1
31,63,20,800000,1,5,6,2,3,0
32,15,65,35009,4,3,0,6
33,45,39,45868,6,0,4
34,45,73,15027,1,0,5,6
35,73,65,29465,3,1,2,0,5,6
36,77,65,12286,2,3,0,6,5,1
37,2,62,85029,1,6,4
38,22,20,585728,5,3,1,0,6
39,22,61,594072,3,2,5,6,0
40,0,61,123557,6,2,4,1
41,31,15,33699,5,3,2,6,4,1
42,2,19,21930,2,4,0,1
43,25,65,37434,6,1,3,2,5,0
44,31,34,44300,1,3,6,4,2,5
45,16,42,155146,1,2,3
46,22,73,25053,4,5,3,0,6,1
47,40,13,69519,3,4,0,2
48,3,62,85984,2,5,6,0,4
49,6,13,800000,6,3,4,0,1,5
50,22,50,558825,6,5,3
51,0,42,99041,4,5,6
52,22,65,28632,3,0,5,1,2,4
53,22,20,625849,6,4,5,3,2
54,25,64,12791,3,2,0
55,16,50,248427,2,4,6
56,16,65,39668,2,5,4,6,3,1
57,6,66,800000,0,2,1
58,45,13,87255,2,0,3,5,6
59,16,62,104426,1,3,5,4,2,0
60,45,64,505500,2,6,4,0,5,1
61,1,13,800000,0,6,3
62,16,73,27629,2,6,0,3,1
63,22,13,500583,6,5,2,0,1
64,23,66,198678,3,2,5,4
65,3,34,10967,5,1,4,2,3
66,65,19,30620,2,6,3,1
67,0,20,89575,4,6,0,2,1,5
68,73,65,33727,3,5,2,6,1
69,77,39,54675,6,2,3,1,4,5
70,50,62,63550,1,5,6,4,3,0
71,22,66,594034,2,6,0,1
72,6,13,800000,6,3,4,0,1,5
73,63,13,800000,4,2,1,5,6
74,25,17,23617,5,1,3
75,54,73,26463,0,2,5,1
76,6,61,800000,2,3,4,5,6,1
77,65,15,40227,3,2,0,6,4,5
78,16,17,28515,3,0,6
79,16,50,248427,2,4,6
80,62,13,49866,0,2,3,4,1,6
81,16,65,41560,5,6,0,3,2,4
82,2,39,59513,2,0,6
83,31,34,44300,1,3,6,4,2,5
84,50,39,56283,0,3,6,2
85,16,62,87524,4,2,3,0,1,6
86,2,34,20856,3,1,0,2,6
87,1,39,63310,6,3,4,1,5
88,63,39,55556,5,0,2,3
89,22,73,25053,4,5,3,0,6,1
90,45,20,406546,2,0,1,6
91,22,64,504569,4,5,0,1,2
92,45,62,56804,3,4,2,1,6,0
93,31,17,24920,5,4,3,2,1
94,22,42,92733,6,0,5,3,4,1
95,31,64,443723,4,1,5
96,0,66,105786,0,5,3,6,4
97,22,66,653507,2,0,3,6,4
98,22,19,30011,3,4,2
99,16,19,39612,2,3,6,5,1,4
100,22,61,618604,6,0,5,2,1,3
101,63,39,56730,4,5,1,0,2,6
102,16,62,87524,4,2,3,0,1,6
103,22,15,27483,3,4,1
104,6,62,65807,1,4,6
105,50,20,800000,1,4,5,0,2,3
106,16,20,349711,3,5,0,2
107,1,19,10004,1,3,2,4
108,77,17,12065,4,5,0,1,6
109,2,64,800000,0,1,6,3,2
110,25,65,32459,2,5,4
111,40,42,189117,1,3,6,0,2
112,25,20,11304,3,4,0
113,50,13,800000,2,1,4,0,5,3
114,22,73,23862,6,5,0,4,2,3
115,16,66,107846,1,3,5
116,25,20,11304,3,4,0
117,73,64,14906,2,6,4
118,65,61,21483,6,1,0
119,26,19,17546,3,6,1
120,3,13,116224,5,6,0,4,3
121,0,42,109088,1,3,6,5,0
122,54,15,36629,6,2,1,3
123,73,15,28585,0,1,5,6
124,45,39,45868,6,0,4
125,25,34,40447,6,1,2
126,45,20,339856,4,6,5,1
127,50,39,59935,2,0,5,3
128,65,34,36059,1,5,6,4,0,2
129,23,64,342938,4,0,6,1
130,3,13,118669,4,3,1
131,22,73,23862,6,5,0,4,2,3
132,62,61,90724,4,0,6,3
133,26,65,16378,2,0,5
134,23,64,349269,3,0,5,2,4,1
135,3,64,270757,3,4,6,1,0,2
136,1,62,71322,3,5,0,4,1,2
137,45,73,13382,5,3,4,6
138,26,61,14720,6,2,4
139,6,62,65061,3,1,6
140,16,13,98888,2,5,6,0,4,3
141,16,20,358150,4,0,3,1,5
142,31,15,33913,5,1,6,2
143,25,20,11304,3,4,0
144,3,66,161731,3,6,2,0,5,4
145,54,65,29917,4,5,0,6,3
146,15,34,38759,4,6,2,5,1
147,15,34,43112,0,5,4
148,1,65,10214,2,3,4,5
149,31,13,95847,5,1,6
150,63,13,800000,6,1,5,4,2
151,3,64,312701,1,0,4,3
152,40,61,376924,5,0,1,2
153,22,65,27692,1,3,0
154,2,39,59513,2,0,6
155,23,20,280042,0,5,2,1,4,3
156,3,66,161731,3,6,2,0,5,4
157,6,61,800000,2,3,4,5,6,1
158,45,61,425042,3,6,5
159,2,73,22721,0,6,4,2,5
160,16,62,104426,1,3,5,4,2,0
161,15,17,23867,6,3,1
162,77,19,12025,4,0,2,6,3,5
163,40,50,194403,4,5,3,0
164,45,64,364003,2,6,4
165,31,73,24794,6,4,5
166,73,61,19799,6,5,3,0,4
167,3,34,10967,5,1,4,2,3
168,25,17,20720,3,4,5,2,6,1
169,50,61,800000,6,0,1,5,3
170,73,61,22365,5,0,1,2,3,6
171,77,62,73998,4,1,2
172,16,13,98888,2,5,6,0,4,3
173,22,64,434593,3,0,5,6,1
174,16,34,52643,5,2,1,4,0,3
175,31,34,35072,3,0,2
176,23,66,198678,3,2,5,4
177,63,64,800000,5,6,0
178,77,13,582812,3,2,0
179,25,64,12791,3,2,0
180,31,34,38130,0,6,4
181,23,64,342938,4,0,6,1
182,23,17,17607,6,5,3,4,0,1
183,6,13,800000,6,3,4,0,1,5
184,0,13,89700,2,4,1
185,65,20,10064,5,0,6,2,1,4
186,0,20,121369,6,5,0,1
187,2,66,738386,1,2,4,6
188,6,64,800000,3,4,1,0,5
189,23,42,220389,5,4,1
190,23,65,16716,1,2,6,0,3
191,62,64,78219,1,2,6,0,5
192,40,39,44283,2,1,6
193,40,64,262010,0,2,6,5,3,4
194,63,64,800000,3,0,6,4
195,15,20,10356,0,2,4,3
196,22,34,28824,5,0,2,4,3,6
197,1,13,800000,5,1,2
198,50,42,536822,5,3,1,6,4
199,31,34,32687,6,0,2
200,73,34,27811,1,6,0
201,50,66,800000,6,4,3
202,77,20,800000,5,0,4
203,25,15,49602,1,5,0,4,6,3
204,16,42,179668,5,6,4,0,3
205,22,62,59476,0,1,2,5,6
206,0,61,97169,5,4,3,2,1
207,23,64,349269,3,0,5,2,4,1
208,45,62,56804,3,4,2,1,6,0
209,45,39,45868,6,0,4
210,31,34,35072,3,0,2
211,16,50,248427,2,4,6
212,25,64,13759,3,6,5,0
213,1,20,800000,5,4,2,1,0,6
214,73,64,15018,2,1,6
215,26,17,16773,0,3,6
216,25,61,20256,6,2,4
217,25,73,25745,0,1,6
218,25,73,30241,3,1,4,0,2
219,40,19,15554,3,0,1,2,5
220,65,19,35548,1,3,0,6
221,73,61,19799,6,5,3,0,4
222,63,50,800000,4,3,1,2,6,0
223,45,64,505500,2,6,4,0,5,1
224,63,62,62646,1,0,2,3,4
225,1,65,10214,2,3,4,5
226,77,64,800000,4,6,5,1,0
227,31,50,235868,4,0,6,5
228,31,65,40482,4,3,0,6,1
229,31,62,75631,4,0,6
230,73,61,18755,0,4,1,6,3
231,31,64,317897,3,4,1,2,0
232,63,61,800000,1,4,6,2,5
233,22,62,78475,1,3,2
234,22,65,27816,4,2,6
235,1,20,800000,2,1,5,6,4
236,3,13,94342,3,0,4,2,1,5
237,15,73,19971,3,4,0,6
238,40,61,376924,5,0,1,2
239,3,65,10047,4,6,2,3,1
240,77,64,800000,4,6,5,1,0
241,40,50,196433,3,1,2,6,5
242,40,61,376924,5,0,1,2
243,23,13,85290,6,0,2,4,5,1
244,15,73,20440,2,3,4
245,54,61,23274,2,3,6,1
246,40,65,15691,4,3,2,6,0
247,40,20,350885,0,2,5
248,62,42,67035,0,1,2,3,5,4
249,23,15,17391,6,0,3,1,4
250,16,66,131729,5,1,3
251,63,20,800000,6,4,0,2,1
252,63,50,800000,1,0,5
253,23,20,341231,1,2,0,4,6,5
254,2,73,23573,0,5,2,3
255,63,64,800000,6,0,4
256,40,73,16417,1,4,3,6,2
257,0,61,97169,5,4,3,2,1
258,23,39,67586,5,6,1,2
259,22,66,465198,5,0,6,1,2,3
260,77,19,13221,6,0,5,1,2,3
261,16,65,41560,5,6,0,3,2,4
262,22,64,570962,4,1,5,0,2,6
263,40,19,13164,2,3,0,5
264,3,65,10047,4,6,2,3,1
265,26,15,17534,0,4,5
266,40,65,14449,4,5,0,2
267,40,19,12469,2,0,4,6,5
268,23,42,220389,5,4,1
269,2,65,21109,3,2,4,1
270,45,19,13560,3,1,4,6,2
271,26,73,15432,6,3,0
272,23,50,251659,6,5,3,1,0,4
273,45,73,14061,4,1,0,2
274,16,42,158796,6,1,4
275,22,15,31980,2,3,0,5,1
276,1,13,800000,5,4,0,3
277,23,42,220389,5,4,1
278,62,42,58492,4,0,5,2,1,3
279,0,20,89575,4,6,0,2,1,5
280,1,20,800000,6,0,1,4,2
281,1,62,55111,5,4,0
282,31,34,35072,3,0,2
283,45,17,14253,2,0,5,3,6
284,3,13,118669,4,3,1
285,65,19,30620,2,6,3,1
286,31,17,23993,1,3,0
287,77,50,770604,1,6,5,3,0
288,77,42,493032,0,2,6
289,6,39,58944,3,2,5,6,4,1
290,25,15,49602,1,5,0,4,6,3
291,1,66,800000,3,1,6
292,16,50,162931,6,2,1,4
293,63,20,800000,1,5,6,2,3,0
294,16,34,50154,1,4,0,6,3
295,50,20,800000,4,5,2,3,6,1
296,16,39,57419,1,5,3,6,2
297,16,15,37930,1,2,3,5
298,77,15,13812,2,4,3,6,5,0
299,6,61,800000,0,4,1
300,0,13,67352,0,6,4,3
301,40,61,475678,0,5,1,6,2,3
302,40,17,16685,2,0,6,5
303,26,64,12051,2,6,5,3
304,26,65,16378,2,0,5
305,22,66,594034,2,6,0,1
306,1,20,800000,6,0,1,4,2
307,50,61,800000,6,0,1,5,3
308,0,61,109547,2,3,0
309,22,20,659410,3,0,6
310,22,19,33616,6,4,0,3,1,5
311,62,50,71863,1,4,6
312,77,62,61109,1,4,2,3,0,5
313,3,19,10656,0,5,4
314,45,19,13004,2,4,1,5,3,0
315,45,61,425042,3,6,5
316,0,39,39756,2,4,0,3,5
317,63,50,800000,6,3,4
318,31,17,24920,5,4,3,2,1
319,16,62,104426,1,3,5,4,2,0
320,62,42,68911,2,0,3,6,4,5
321,26,19,16879,4,0,5
322,50,13,800000,6,2,3
323,40,15,16654,1,0,5
324,23,66,198678,3,2,5,4
325,54,61,23274,2,3,6,1
326,45,13,97599,3,4,6
327,77,50,770604,1,6,5,3,0
328,16,34,50488,1,0,2,6,3
329,54,34,26645,3,4,6,0,5
330,31,73,24794,6,4,5
331,16,64,378337,6,2,1
332,62,42,67035,0,1,2,3,5,4
333,62,66,70361,2,3,5,6,4,1
334,1,13,800000,5,4,0,3
335,45,20,399953,2,1,0
336,15,61,21565,2,0,1,5
337,73,19,30698,4,5,6
338,23,65,16180,4,0,1,3,5,6
339,45,39,49942,5,3,4,2,1,6
340,65,73,26052,1,0,5,6
341,25,65,37434,6,1,3,2,5,0
342,40,66,166266,3,0,5,1
343,0,13,67352,0,6,4,3
344,31,42,175587,4,2,1,3,5
345,77,20,800000,5,0,4
346,23,13,106770,6,3,1,4,0
347,2,73,18327,5,1,2,0,3,4
348,40,39,44283,2,1,6
349,23,61,449303,4,2,5,0,6
350,22,61,429598,6,2,1
351,40,15,16654,1,0,5
352,73,19,24603,5,6,1
353,15,19,41945,6,2,5
354,23,15,17391,6,0,3,1,4
355,16,17,28515,3,0,6
356,15,19,41945,6,2,5
357,40,73,14352,4,6,0,2,5
358,1,20,800000,5,4,2,1,0,6
359,23,42,193074,2,4,3
360,50,13,800000,2,1,4,0,5,3
361,26,64,14773,6,0,3
362,45,73,15027,1,0,5,6
363,65,15,39739,2,4,5,1,3
364,23,66,198678,3,2,5,4
365,22,34,28824,5,0,2,4,3,6
366,62,42,65264,0,3,1,5
367,2,61,800000,1,4,0
368,16,13,109229,3,1,6,0
369,63,61,800000,6,2,4,1,3
370,0,39,48053,2,0,6,3
371,54,61,20437,6,3,4,2
372,50,61,800000,6,0,1,5,3
373,23,34,18939,5,3,6,1
374,16,19,32303,6,1,2,3
375,73,61,19323,4,1,2
376,6,66,800000,0,2,1
377,63,42,547212,0,6,3,4
378,26,61,15953,4,3,5,2,0,1
379,15,17,22963,4,1,2
380,1,64,800000,4,1,2,6,5,3
381,3,61,264497,2,0,6,5,3
382,40,17,16554,1,2,0,6
383,40,61,475678,0,5,1,6,2,3
384,23,42,258062,3,1,4,6,2,5
385,77,65,12286,2,3,0,6,5,1
386,26,39,10151,6,3,0
387,6,20,800000,2,1,3,4,6,0
388,45,73,14415,6,0,3
389,16,42,179668,5,6,4,0,3
390,15,34,46250,2,4,0,3,5,6
391,26,20,12215,0,6,5,1
392,2,42,501786,2,4,1
393,25,65,40385,2,3,0
394,26,64,12051,2,6,5,3
395,23,50,212221,6,4,0,1,3,2
396,26,34,16791,0,6,1,3,5,2
397,45,15,13932,4,0,2
398,23,17,18714,3,5,6,1
399,40,17,14394,6,4,3,1
400,62,61,67119,4,3,5,1,2
401,62,20,88704,3,6,1
402,2,50,549641,0,5,2,4,6
403,2,62,74009,5,2,4,0,1
404,77,39,54675,6,2,3,1,4,5
405,22,42,93118,5,2,6,0
406,3,20,249780,3,0,4,5,6,2
407,77,64,800000,2,4,3,6,5,0
408,31,62,95371,6,1,5,4,2
409,25,17,20720,3,4,5,2,6,1
410,45,66,126801,0,3,2,5
411,62,13,53350,4,3,1
412,6,20,800000,2,3,1
413,45,34,14719,1,0,4,3
414,23,65,18884,5,1,2,3
415,40,13,84258,1,3,4,6
416,23,64,304388,5,4,2
417,23,64,342938,4,0,6,1
418,15,73,26519,5,2,1,4,6
419,23,15,17391,6,0,3,1,4
420,26,15,17534,0,4,5
421,6,50,800000,1,6,3
422,22,34,28824,5,0,2,4,3,6
423,2,39,67216,6,2,3,1,0,4
424,1,17,10168,5,1,4,2,0
425,40,19,15554,3,0,1,2,5
426,16,13,107955,5,6,1,3
427,63,20,800000,4,5,6,3,0,2
428,3,64,287529,0,4,5,3,1
429,25,19,43776,0,6,4
430,45,62,56804,3,4,2,1,6,0
431,54,17,27679,4,5,1,3,6
432,63,66,800000,5,6,0,3
433,0,39,39756,2,4,0,3,5
434,26,34,16791,0,6,1,3,5,2
435,3,13,114590,5,3,2
436,50,66,800000,6,4,3
437,6,62,65807,1,4,6
438,3,42,158963,2,0,4
439,25,61,19297,5,2,4
440,31,19,45655,1,5,2
441,40,50,148240,0,4,3,1,5,2
442,0,62,66074,2,6,1
443,77,66,385719,6,0,3,2,4
444,45,20,339856,4,6,5,1
445,15,17,20476,2,3,0
446,45,50,213218,3,6,1,4
447,25,73,25745,0,1,6
448,73,19,24603,5,6,1
449,6,64,800000,2,3,0,5,6,4
450,1,66,800000,2,3,1,5
451,40,61,334450,5,3,0,2,4
452,0,66,144985,2,6,0
453,50,61,800000,5,6,1
454,3,50,163723,4,1,5,2
455,6,62,65061,3,1,6
456,26,64,13598,1,4,5
457,16,64,378337,6,2,1
458,54,17,25068,2,5,3,0,4
459,0,42,131457,1,4,5,6,2
460,26,65,19842,3,4,6
461,1,13,800000,5,1,2
462,16,20,410651,6,3,1,4,0
463,16,65,32704,4,2,6,5
464,1,42,456687,3,6,2
465,45,65,11447,4,6,2,1,3,5
466,2,19,19594,2,5,1,6
467,15,17,20476,2,3,0
468,54,17,27679,4,5,1,3,6
469,77,39,44634,6,4,5,3,0
470,15,17,23867,6,3,1
471,73,61,19323,4,1,2
472,40,65,16455,6,3,2,5
473,65,19,30620,2,6,3,1
474,40,13,100593,1,2,5,0
475,77,64,800000,4,6,5,1,0
476,63,39,55556,5,0,2,3
477,40,73,12586,2,4,1,5,0
478,26,34,17484,4,1,0,2
479,6,64,800000,3,4,1,0,5
480,26,64,12051,2,6,5,3
481,40,50,148240,0,4,3,1,5,2
482,31,17,20625,5,1,2,6,0
483,65,15,39805,3,0,5
484,23,39,62695,5,0,1,3,6
485,73,20,11505,5,3,2,0,1
486,26,20,12081,3,4,6,2,0,5
487,2,66,564517,2,0,6,3,1,4
488,1,50,800000,5,2,4
489,25,34,52627,2,1,0,3
490,16,13,79718,0,2,1
491,0,42,146811,5,3,0,6,2
492,77,61,800000,6,1,3,2
493,62,66,66500,1,6,5,2,0,4
494,1,61,800000,1,3,4,2,6
495,23,61,427424,5,2,0,1,4
496,73,34,25521,6,2,4,1,3,0
497,45,39,45777,6,5,1,3,2,4
498,23,50,218422,6,0,3,2,1
499,40,62,83758,2,1,4,3,5,0
500,6,13,800000,6,3,4,0,1,5
501,6,66,800000,4,1,3,6,2
502,2,64,800000,5,4,2
503,16,39,48571,4,3,5,2
504,6,62,59186,3,4,6,0
505,31,13,94958,3,1,0,4,2
506,15,17,23867,6,3,1
507,3,73,10841,6,4,1,3,2
508,25,73,25953,4,3,2,0,1,5
509,1,42,456687,3,6,2
510,54,64,13356,2,6,4,0,1,5
511,77,66,385719,6,0,3,2,4
512,2,73,18327,5,1,2,0,3,4
513,45,66,157553,2,0,1,3,5
514,16,50,162931,6,2,1,4
515,2,13,505389,2,4,5,6
516,31,19,32344,6,5,3,4,0,2
517,0,20,148040,5,0,4,2,3
518,77,66,385719,6,0,3,2,4
519,16,61,435899,1,4,3,2,6,0
520,0,62,48793,6,2,0,3,5,1
521,62,66,66500,1,6,5,2,0,4
522,15,17,20476,2,3,0
523,15,34,38759,4,6,2,5,1
524,31,64,317897,3,4,1,2,0
525,16,73,27284,4,6,5,0,2
526,62,61,67119,4,3,5,1,2
527,23,64,304388,5,4,2
528,31,17,20625,5,1,2,6,0
529,2,64,800000,5,4,2
530,26,17,13704,2,4,5
531,25,19,37767,3,1,6,4,2,0
532,26,19,16879,4,0,5
533,25,17,20720,3,4,5,2,6,1
534,1,42,669075,3,6,1
535,25,20,11717,4,0,6,2,3,5
536,40,17,14394,6,4,3,1
537,16,19,42515,1,6,2,4
538,16,17,19542,2,3,5,1
539,62,20,72372,5,1,0,4,3,2
540,73,64,14112,2,0,1,5
541,62,61,86594,5,2,0,6,3
542,0,39,45481,6,1,2
543,31,39,48693,4,1,3,2,6
544,6,50,800000,5,0,6,4,3,1
545,2,17,23647,5,6,4
546,0,61,130082,2,4,5,1,6,3
547,25,65,40385,2,3,0
548,62,50,63662,2,1,6,4,5,0
549,45,13,89340,1,5,4,2,6
550,63,50,800000,0,1,3,4
551,54,64,11436,2,5,1,3,0
552,0,64,127933,6,1,3,0,2
553,3,65,10047,4,6,2,3,1
554,26,64,14773,6,0,3
555,3,39,46311,5,3,0
556,22,42,88371,6,0,3,1,2
557,22,17,24158,4,5,3
558,54,73,26463,0,2,5,1
559,1,66,800000,6,5,0,2,1
560,73,19,24603,5,6,1
561,0,42,99041,4,5,6
562,54,15,31930,0,1,6
563,45,34,14719,1,0,4,3
564,73,20,11533,1,3,6,2
565,2,17,18860,5,6,3,4,1,2
566,73,15,28585,0,1,5,6
567,22,20,625849,6,4,5,3,2
568,22,66,585272,6,0,5,3
569,1,61,800000,5,3,1
570,23,13,117965,2,5,4,0,6,3
571,31,34,32687,6,0,2
572,63,13,800000,6,1,5,4,2
573,40,13,100593,1,2,5,0
574,22,42,92733,6,0,5,3,4,1
575,1,42,541160,1,5,6,3,0
576,40,61,455662,6,1,2,5,0
577,26,19,17573,0,2,3,1
578,16,20,383979,0,4,3,2
579,22,19,33616,6,4,0,3,1,5
580,77,65,12286,2,3,0,6,5,1
581,0,39,48053,2,0,6,3
582,31,65,40873,6,3,2
583,0,39,39756,2,4,0,3,5
584,15,61,18068,0,5,3
585,45,20,339856,4,6,5,1
586,1,42,456687,3,6,2
587,16,13,79718,0,2,1
588,2,20,800000,0,5,6,1,4,2
589,65,19,36237,4,2,1,5,0,6
590,16,62,87807,0,4,5
591,16,73,28215,4,3,1
592,2,20,757286,6,1,3,0
593,40,15,16713,6,4,1,5
594,45,50,233602,6,4,1
595,2,42,501786,2,4,1
596,45,39,45868,6,0,4
597,26,17,15027,1,6,2,3,4,0
598,45,64,364003,2,6,4
599,22,19,32218,3,1,6,4
600,22,42,112003,4,6,3
601,23,15,18701,3,2,5,4,6,1
602,22,64,570962,4,1,5,0,2,6
603,22,20,465570,6,2,5,0,4
604,62,50,63662,2,1,6,4,5,0
605,26,65,19842,3,4,6
606,50,20,800000,4,0,6,5
607,3,73,10841,6,4,1,3,2
608,45,61,425042,3,6,5
609,62,42,58492,4,0,5,2,1,3
610,2,34,20616,2,0,3,6,1,5
611,25,73,25745,0,1,6
612,40,66,130215,3,1,6
613,50,64,485505,2,5,4,0,1,6
614,25,17,22885,0,4,3,6,1,5
615,0,20,148040,5,0,4,2,3
616,77,34,12661,3,2,5,0
617,3,42,158963,2,0,4
618,26,20,12756,5,2,6,4
619,2,66,738386,1,2,4,6
620,45,13,121584,4,3,5,6,1
621,22,62,78881,6,2,1,0
622,40,39,49951,3,6,1,5,2,0
623,62,13,55279,3,4,2,6
624,31,20,337702,5,2,4,3,6,0
625,65,64,10980,2,0,1,6
626,77,19,13221,6,0,5,1,2,3
627,16,34,52643,5,2,1,4,0,3
628,25,64,13759,3,6,5,0
629,31,73,23195,0,3,2,5,4,1
630,31,13,90653,2,6,3,5,4,0
631,31,19,39361,5,2,4,3,1
632,3,42,158963,2,0,4
633,40,66,115614,0,4,2
634,40,62,92448,0,3,6
635,23,15,19267,6,0,5
636,50,62,73097,3,4,6,2,5
637,22,50,558825,6,5,3
638,77,62,69319,3,5,4,0,6
639,22,13,516035,2,4,3,6
640,2,13,699161,4,2,0,6,3
641,26,65,16378,2,0,5
642,16,17,28515,3,0,6
643,50,20,800000,3,4,2
644,77,65,12379,4,1,3,6,0
645,62,50,65512,5,6,4,2,1,0
646,3,13,116224,5,6,0,4,3
647,3,19,10182,2,3,6,1
648,26,34,16791,0,6,1,3,5,2
649,16,34,50488,1,0,2,6,3
650,0,66,129558,2,6,5
651,40,13,100593,1,2,5,0
652,2,42,331857,4,6,5,0
653,23,20,280042,0,5,2,1,4,3
654,63,42,547212,0,6,3,4
655,45,73,13382,5,3,4,6
656,77,34,12792,2,1,3,6,4
657,25,20,10072,0,6,2,5,4,3
658,63,61,800000,6,2,4,1,3
659,0,61,97169,5,4,3,2,1
660,45,73,14415,6,0,3
661,23,62,74256,4,2,1,5,0
662,0,64,127933,6,1,3,0,2
663,31,64,443723,4,1,5
664,6,61,800000,4,5,2,3
665,45,73,14061,4,1,0,2
666,1,62,54947,4,3,2,0,1
667,22,73,24754,6,3,0
668,23,64,349269,3,0,5,2,4,1
669,63,42,407886,1,5,0,3,2
670,63,62,62646,1,0,2,3,4
671,63,61,800000,1,4,6,2,5
672,15,61,22084,5,6,4,2
673,77,19,13221,6,0,5,1,2,3
674,3,62,65373,1,2,4,5,0
675,73,20,12165,1,6,4
676,26,15,17534,0,4,5
677,77,50,395404,6,2,4,5,0
678,63,42,338119,1,6,4
679,45,61,369750,3,0,6,1,5
680,63,50,800000,0,1,3,4
681,31,42,202302,1,6,2,3
682,15,65,32529,4,5,0,2,3,1
683,1,20,800000,2,1,5,6,4
684,50,13,800000,6,2,3
685,22,64,570962,4,1,5,0,2,6
686,1,65,10670,1,6,2,3,5
687,3,62,85984,2,5,6,0,4
688,45,50,233602,6,4,1
689,0,64,127933,6,1,3,0,2
690,16,19,42862,3,6,1,2,4
691,45,39,45868,6,0,4
692,22,62,59476,0,1,2,5,6
693,15,65,31048,5,2,4,3
694,22,73,23862,6,5,0,4,2,3
695,22,17,24158,4,5,3
696,16,34,41950,3,0,5,1,2
697,63,50,800000,1,0,5
698,15,34,46250,2,4,0,3,5,6
699,54,61,20437,6,3,4,2
700,31,73,26569,5,2,3
701,3,66,161731,3,6,2,0,5,4
702,23,20,341924,5,3,2,4
703,15,17,22963,4,1,2
704,1,66,800000,5,6,1,3,0,2
705,23,19,15750,5,1,4,3
706,22,66,585272,6,0,5,3
707,6,64,800000,2,3,0,5,6,4
708,6,66,800000,5,2,1
709,3,50,163723,4,1,5,2
710,6,20,800000,4,5,2
711,63,42,547212,0,6,3,4
712,54,34,36733,2,0,4
713,65,17,19724,2,3,4,0
714,23,39,46279,1,5,2,4,3,6
715,23,19,19996,3,2,4,6,1
716,23,65,16716,1,2,6,0,3
717,22,64,504569,4,5,0,1,2
718,45,15,15426,2,4,5,6,3,1
719,25,17,23617,5,1,3
720,54,61,20112,3,0,4,5,2,6
721,2,61,800000,0,3,4,1,2
722,3,34,10409,0,4,2
723,23,39,46279,1,5,2,4,3,6
724,77,66,385719,6,0,3,2,4
725,1,61,800000,1,3,4,2,6
726,63,50,800000,4,3,1,2,6,0
727,6,13,800000,6,3,4,0,1,5
728,50,62,63550,1,5,6,4,3,0
729,31,34,38130,0,6,4
730,40,42,206176,0,4,5
731,45,42,196395,1,5,4,6
732,45,34,14719,1,0,4,3
733,25,15,53870,0,1,3
734,16,62,104426,1,3,5,4,2,0
735,45,62,56007,1,0,4,3,2,6
736,22,19,33616,6,4,0,3,1,5
737,40,42,189117,1,3,6,0,2
738,40,34,13964,0,5,4,6
739,77,39,44634,6,4,5,3,0
740,45,66,156973,2,1,3
741,77,66,619638,6,3,2,4,1,0
742,2,65,25110,4,2,6,0
743,40,17,13218,1,6,4,3
744,77,17,12065,4,5,0,1,6
745,77,42,537717,0,2,6,5
746,73,61,18755,0,4,1,6,3
747,54,34,36733,2,0,4
748,0,66,102398,5,4,0,3,6
749,54,73,31032,1,5,0,6,4,3
750,31,62,75631,4,0,6
751,45,19,13131,3,6,4,2,5
752,2,39,59317,1,4,5,0
753,31,13,95847,5,1,6
754,22,34,28824,5,0,2,4,3,6
755,50,61,800000,5,3,6
756,15,73,19971,3,4,0,6
757,23,65,20048,0,3,4
758,2,19,19594,2,5,1,6
759,40,19,12469,2,0,4,6,5
760,45,64,505500,2,6,4,0,5,1
761,2,20,800000,4,1,0,5,3
762,63,50,800000,6,3,4
763,65,34,42012,5,4,0,1
764,50,64,800000,6,4,2
765,73,64,14112,2,0,1,5
766,25,64,13640,0,3,2,4,6,1
767,77,39,54675,6,2,3,1,4,5
768,50,20,800000,4,0,6,5
769,0,20,121369,6,5,0,1
770,77,20,800000,1,5,3,0
771,2,66,578406,0,3,5,1,2
772,15,61,21565,2,0,1,5
773,31,19,35385,3,0,2,4
774,40,17,16554,1,2,0,6
775,3,50,224072,2,4,0,3
776,15,65,37129,3,4,2
777,65,64,10980,2,0,1,6
778,25,65,28961,1,4,3,0,5,6
779,62,42,67035,0,1,2,3,5,4
780,23,19,19996,3,2,4,6,1
781,45,62,59734,0,5,6,4,1,3
782,15,61,18841,1,2,6
783,3,19,10530,3,4,5
784,25,61,20256,6,2,4
785,40,73,12586,2,4,1,5,0
786,26,15,16588,4,1,6,2,5
787,63,20,800000,1,5,6,2,3,0
788,77,62,69319,3,5,4,0,6
789,40,17,16685,2,0,6,5
790,22,39,10286,2,3,1,4
791,50,64,800000,6,4,2
792,16,64,287254,2,6,3
793,1,13,800000,0,6,3
794,3,61,268162,5,0,4
795,2,65,23147,5,4,0,6
796,15,61,22084,5,6,4,2
797,62,64,48276,1,4,3,6,2,5
798,1,61,800000,2,5,3,0,6
799,2,42,418022,3,2,6
800,23,62,76215,1,2,5
801,50,39,56283,0,3,6,2
802,77,66,780723,5,0,1,6,4,3
803,16,19,39612,2,3,6,5,1,4
804,23,39,62695,5,0,1,3,6
805,77,17,11638,5,0,1
806,45,50,185495,5,4,0,2,3
807,23,20,341924,5,3,2,4
808,50,42,540227,1,0,2,6,3,5
809,1,64,800000,1,5,6,4,3,2
810,77,73,12199,5,1,2,4,3
811,16,17,19542,2,3,5,1
812,65,34,34548,2,1,0,6
813,62,20,61718,1,4,3
814,22,64,434593,3,0,5,6,1
815,26,20,12054,3,1,0,2
816,1,20,800000,6,0,1,4,2
817,2,17,20564,5,3,4,0
818,45,73,15027,1,0,5,6
819,22,73,24754,6,3,0
820,26,34,17610,3,1,6,5
821,62,13,53350,4,3,1
822,16,65,39668,2,5,4,6,3,1
823,77,20,800000,5,1,6,4,0,3
824,3,13,118669,4,3,1
825,45,13,87255,2,0,3,5,6
826,31,20,337702,5,2,4,3,6,0
827,0,20,148040,5,0,4,2,3
828,63,64,800000,5,6,0
829,6,42,538680,5,0,6,1
830,23,20,280042,0,5,2,1,4,3
831,22,66,465198,5,0,6,1,2,3
832,23,73,17412,0,1,2,6,5,3
833,2,42,418022,3,2,6
834,2,50,682114,3,0,4
835,77,13,582812,3,2,0
836,54,15,33438,4,1,0
837,23,73,19760,1,2,4,3,5
838,31,73,24794,6,4,5
839,22,62,78475,1,3,2
840,63,13,800000,4,2,1,5,6
841,0,39,45823,4,2,3,6
842,1,42,456687,3,6,2
843,22,34,34951,3,1,5
844,15,64,14435,4,0,2,1,3,5
845,15,17,22963,4,1,2
846,2,42,501786,2,4,1
847,45,19,15875,3,2,6,4,1,5
848,2,42,501786,2,4,1
849,65,73,27107,6,1,0,4
850,22,13,500583,6,5,2,0,1
851,62,64,48276,1,4,3,6,2,5
852,65,64,10980,2,0,1,6
853,25,64,12791,3,2,0
854,16,65,39668,2,5,4,6,3,1
855,3,13,118669,4,3,1
856,31,34,32687,6,0,2
857,31,34,32687,6,0,2
858,22,15,34070,0,3,1
