0,22,66,653507,2,0,3,6,4
1,45,39,45777,6,5,1,3,2,4
2,15,20,10356,0,2,4,3
3,3,20,229258,2,5,3
4,3,15,10933,1,4,3,5,0
5,45,61,425042,3,6,5
6,22,20,659410,3,0,6
7,1,20,800000,6,0,1,4,2
8,3,64,242522,4,1,3
9,54,73,26463,0,2,5,1
10,45,50,185495,5,4,0,2,3
11,16,50,248427,2,4,6
12,54,34,27155,3,6,5,1,4
13,0,62,48793,6,2,0,3,5,1
14,23,20,371694,4,3,6,2,5,1
15,2,64,800000,5,4,2
16,54,20,12163,1,6,4,5
17,31,50,235868,4,0,6,5
18,62,42,68911,2,0,3,6,4,5
19,23,50,218422,6,0,3,2,1
20,25,65,40385,2,3,0
21,62,66,57773,2,1,6,4
22,22,13,560066,6,1,5,3
23,26,20,12054,3,1,0,2
24,15,34,43112,0,5,4
25,31,65,41701,0,4,2
26,65,73,24493,3,4,1,2,5,0
27,73,64,15018,2,1,6
28,65,20,10064,5,0,6,2,1,4
29,65,20,11063,2,3,4
30,26,17,15027,1,6,2,3,4,0
31,26,17,15027,1,6,2,3,4,0
32,22,19,36429,1,0,5
33,65,19,35548,1,3,0,6
34,77,42,537717,0,2,6,5
35,73,64,15264,3,1,6,4
36,77,66,780723,5,0,1,6,4,3
37,63,66,800000,5,6,0,3
38,31,15,43624,5,0,1,4,2
39,26,73,15432,6,3,0
40,45,65,11745,5,3,0,4
41,50,64,800000,6,1,4,3,5
42,65,17,28451,3,4,0,1,6
43,15,19,36780,5,3,0,2,1
44,15,64,12007,2,5,0,1,3,4
45,2,15,22039,3,6,1,2
46,40,62,66469,3,6,2,5,4
47,31,13,95847,5,1,6
48,63,50,800000,1,0,5
49,16,50,162931,6,2,1,4
50,23,50,251659,6,5,3,1,0,4
51,16,61,442152,2,0,1,3
52,23,15,19267,6,0,5
53,63,62,52648,4,1,6
54,2,73,22721,0,6,4,2,5
55,15,34,38759,4,6,2,5,1
56,15,65,37129,3,4,2
57,22,13,500583,6,5,2,0,1
58,22,34,34951,3,1,5
59,40,39,44283,2,1,6
60,50,64,800000,6,1,4,3,5
61,63,39,51178,1,6,4
62,16,65,33925,5,6,2,1,4,3
63,63,13,800000,4,2,1,5,6
64,54,34,27155,3,6,5,1,4
65,23,73,17947,5,3,6
66,40,42,206176,0,4,5
67,45,19,13131,3,6,4,2,5
68,45,62,74012,4,2,5,1
69,45,19,15875,3,2,6,4,1,5
70,31,20,331553,0,6,3,2
71,3,13,118669,4,3,1
72,54,73,26463,0,2,5,1
73,40,65,16455,6,3,2,5
74,40,50,196433,3,1,2,6,5
75,6,50,800000,0,2,3
76,26,73,15432,6,3,0
77,31,34,38130,0,6,4
78,40,62,62289,3,4,6,2
79,16,66,107846,1,3,5
80,22,50,514105,0,5,4,6,3
81,25,20,11304,3,4,0
82,15,19,38973,3,0,2,5,4
83,22,66,594034,2,6,0,1
84,1,50,800000,5,6,0,3,1,4
85,65,19,35548,1,3,0,6
86,31,13,95847,5,1,6
87,77,50,800000,4,6,0,1,5
88,62,13,61065,3,0,1,2,4
89,2,61,800000,0,3,4,1,2
90,2,62,85029,1,6,4
91,77,42,493032,0,2,6
92,2,50,549641,0,5,2,4,6
93,77,42,388892,6,4,1,0,5,3
94,31,42,175587,4,2,1,3,5
95,63,20,800000,6,4,0,2,1
96,25,17,20720,3,4,5,2,6,1
97,65,61,21483,6,1,0
98,50,20,800000,4,0,6,5
99,26,64,12508,1,3,0,2,5,4
100,45,34,14230,4,5,6,2
101,1,64,800000,1,2,4,3,6,5
102,1,19,10004,1,3,2,4
103,23,50,218422,6,0,3,2,1
104,77,19,15014,0,1,4,3,5,2
105,65,17,18694,2,3,0
106,65,19,30620,2,6,3,1
107,2,17,18860,5,6,3,4,1,2
108,3,61,268162,5,0,4
109,23,34,17646,6,2,3,0,1,5
110,23,20,280042,0,5,2,1,4,3
111,54,17,27679,4,5,1,3,6
112,62,64,48276,1,4,3,6,2,5
113,31,66,140337,6,0,2,4,3
114,40,73,16417,1,4,3,6,2
115,16,20,358150,4,0,3,1,5
116,62,50,71863,1,4,6
117,77,15,13143,4,1,3,0
118,2,34,20856,3,1,0,2,6
119,1,39,60804,6,1,4,0,3,5
120,62,50,71863,1,4,6
121,45,34,14422,4,3,2,0,6,1
122,2,13,505389,2,4,5,6
123,65,15,39805,3,0,5
124,23,19,19593,6,3,1,2
125,45,65,14038,6,1,4,5
126,1,61,800000,1,3,4,2,6
127,65,64,10980,2,0,1,6
128,50,62,58524,3,6,4,2,1
129,16,15,50153,0,2,1
130,23,17,16328,0,5,2,3
131,22,66,465198,5,0,6,1,2,3
132,40,50,136011,5,6,2,3,0
133,77,13,582812,3,2,0
134,65,73,26052,1,0,5,6
135,22,61,720303,0,1,6,3,2
136,0,20,127303,2,5,6,0,4
137,77,61,800000,4,2,5,6,0,3
138,3,66,158683,2,3,5,6,0
139,31,34,44300,1,3,6,4,2,5
140,73,20,12165,1,6,4
141,31,13,80509,1,0,2,5,4,6
142,25,61,19297,5,2,4
143,45,73,14415,6,0,3
144,0,61,130082,2,4,5,1,6,3
145,40,13,69519,3,4,0,2
146,31,42,175587,4,2,1,3,5
147,77,73,12583,3,4,6,5
148,16,62,104426,1,3,5,4,2,0
149,1,42,669075,3,6,1
150,54,19,35025,1,4,3,0,2,6
151,16,17,27484,1,4,3
152,65,15,34377,6,4,1,3,5,0
153,2,20,800000,0,5,6,1,4,2
154,23,65,20048,0,3,4
155,45,66,156973,2,1,3
156,22,17,24688,0,6,3,2,5,4
157,31,19,39361,5,2,4,3,1
158,0,42,146811,5,3,0,6,2
159,22,34,28824,5,0,2,4,3,6
160,3,19,11127,3,0,6,4,2,5
161,45,34,14230,4,5,6,2
162,26,19,17546,3,6,1
163,16,15,50153,0,2,1
164,31,17,24025,3,1,0
165,62,20,72372,5,1,0,4,3,2
166,54,65,29917,4,5,0,6,3
167,63,13,800000,6,1,5,4,2
168,3,13,114590,5,3,2
169,31,66,115697,2,0,1,3
170,63,66,800000,6,3,5
171,31,13,95847,5,1,6
172,77,66,385719,6,0,3,2,4
173,3,15,10933,1,4,3,5,0
174,22,19,33616,6,4,0,3,1,5
175,45,42,154200,2,3,0,4
176,45,20,364302,2,1,5,6,3
177,22,66,585272,6,0,5,3
178,22,50,558825,6,5,3
179,77,50,800000,4,6,0,1,5
180,31,20,270896,1,2,4
181,54,15,39067,0,1,4,3,2
182,16,17,25911,1,2,6,5
183,77,66,800000,6,0,1,2,5,4
184,73,19,24603,5,6,1
185,62,42,65264,0,3,1,5
186,63,62,52648,4,1,6
187,26,15,17050,1,5,4,2
188,1,17,10065,0,2,5,4
189,16,64,287254,2,6,3
190,22,65,28632,3,0,5,1,2,4
191,73,61,18755,0,4,1,6,3
192,77,62,69319,3,5,4,0,6
193,77,65,12379,4,1,3,6,0
194,2,20,800000,4,1,0,5,3
195,40,13,100593,1,2,5,0
196,2,66,598831,3,6,4,5,0,2
197,63,62,62646,1,0,2,3,4
198,77,39,46267,6,1,3
199,3,65,10047,4,6,2,3,1
200,3,39,51244,5,4,0
201,15,65,37129,3,4,2
202,50,62,48790,0,1,4
203,45,73,13382,5,3,4,6
204,23,62,67897,1,0,2,3
205,31,62,95371,6,1,5,4,2
206,2,13,505389,2,4,5,6
207,63,50,800000,4,3,1,2,6,0
208,73,34,25169,5,1,0
209,2,66,564517,2,0,6,3,1,4
210,65,73,28259,5,6,0,1
211,63,20,800000,1,5,6,2,3,0
212,15,65,35009,4,3,0,6
213,45,39,45868,6,0,4
214,45,73,15027,1,0,5,6
215,73,65,29465,3,1,2,0,5,6
216,77,65,12286,2,3,0,6,5,1
217,2,62,85029,1,6,4
218,22,20,585728,5,3,1,0,6
219,22,61,594072,3,2,5,6,0
220,0,61,123557,6,2,4,1
221,31,15,33699,5,3,2,6,4,1
222,2,19,21930,2,4,0,1
223,25,65,37434,6,1,3,2,5,0
224,31,34,44300,1,3,6,4,2,5
225,16,42,155146,1,2,3
226,22,73,25053,4,5,3,0,6,1
227,40,13,69519,3,4,0,2
228,3,62,85984,2,5,6,0,4
229,6,13,800000,6,3,4,0,1,5
230,22,50,558825,6,5,3
231,0,42,99041,4,5,6
232,22,65,28632,3,0,5,1,2,4
233,22,20,625849,6,4,5,3,2
234,25,64,12791,3,2,0
235,16,50,248427,2,4,6
236,16,65,39668,2,5,4,6,3,1
237,6,66,800000,0,2,1
238,45,13,87255,2,0,3,5,6
239,16,62,104426,1,3,5,4,2,0
240,45,64,505500,2,6,4,0,5,1
241,1,13,800000,0,6,3
242,16,73,27629,2,6,0,3,1
243,22,13,500583,6,5,2,0,1
244,23,66,198678,3,2,5,4
245,3,34,10967,5,1,4,2,3
246,65,19,30620,2,6,3,1
247,0,20,89575,4,6,0,2,1,5
248,73,65,33727,3,5,2,6,1
249,77,39,54675,6,2,3,1,4,5
250,50,62,63550,1,5,6,4,3,0
251,22,66,594034,2,6,0,1
252,6,13,800000,6,3,4,0,1,5
253,63,13,800000,4,2,1,5,6
254,25,17,23617,5,1,3
255,54,73,26463,0,2,5,1
256,6,61,800000,2,3,4,5,6,1
257,65,15,40227,3,2,0,6,4,5
258,16,17,28515,3,0,6
259,16,50,248427,2,4,6
260,62,13,49866,0,2,3,4,1,6
261,16,65,41560,5,6,0,3,2,4
262,2,39,59513,2,0,6
263,31,34,44300,1,3,6,4,2,5
264,50,39,56283,0,3,6,2
265,16,62,87524,4,2,3,0,1,6
266,2,34,20856,3,1,0,2,6
267,1,39,63310,6,3,4,1,5
268,63,39,55556,5,0,2,3
269,22,73,25053,4,5,3,0,6,1
270,45,20,406546,2,0,1,6
271,22,64,504569,4,5,0,1,2
272,45,62,56804,3,4,2,1,6,0
273,31,17,24920,5,4,3,2,1
274,22,42,92733,6,0,5,3,4,1
275,31,64,443723,4,1,5
276,0,66,105786,0,5,3,6,4
277,22,66,653507,2,0,3,6,4
278,22,19,30011,3,4,2
279,16,19,39612,2,3,6,5,1,4
280,22,61,618604,6,0,5,2,1,3
281,63,39,56730,4,5,1,0,2,6
282,16,62,87524,4,2,3,0,1,6
283,22,15,27483,3,4,1
284,6,62,65807,1,4,6
285,50,20,800000,1,4,5,0,2,3
286,16,20,349711,3,5,0,2
287,1,19,10004,1,3,2,4
288,77,17,12065,4,5,0,1,6
289,2,64,800000,0,1,6,3,2
290,25,65,32459,2,5,4
291,40,42,189117,1,3,6,0,2
292,25,20,11304,3,4,0
293,50,13,800000,2,1,4,0,5,3
294,22,73,23862,6,5,0,4,2,3
295,16,66,107846,1,3,5
296,25,20,11304,3,4,0
297,73,64,14906,2,6,4
298,65,61,21483,6,1,0
299,26,19,17546,3,6,1
300,3,13,116224,5,6,0,4,3
301,0,42,109088,1,3,6,5,0
302,54,15,36629,6,2,1,3
303,73,15,28585,0,1,5,6
304,45,39,45868,6,0,4
305,25,34,40447,6,1,2
306,45,20,339856,4,6,5,1
307,50,39,59935,2,0,5,3
308,65,34,36059,1,5,6,4,0,2
309,23,64,342938,4,0,6,1
310,3,13,118669,4,3,1
311,22,73,23862,6,5,0,4,2,3
312,62,61,90724,4,0,6,3
313,26,65,16378,2,0,5
314,23,64,349269,3,0,5,2,4,1
315,3,64,270757,3,4,6,1,0,2
316,1,62,71322,3,5,0,4,1,2
317,45,73,13382,5,3,4,6
318,26,61,14720,6,2,4
319,6,62,65061,3,1,6
320,16,13,98888,2,5,6,0,4,3
321,16,20,358150,4,0,3,1,5
322,31,15,33913,5,1,6,2
323,25,20,11304,3,4,0
324,3,66,161731,3,6,2,0,5,4
325,54,65,29917,4,5,0,6,3
326,15,34,38759,4,6,2,5,1
327,15,34,43112,0,5,4
328,1,65,10214,2,3,4,5
329,31,13,95847,5,1,6
330,63,13,800000,6,1,5,4,2
331,3,64,312701,1,0,4,3
332,40,61,376924,5,0,1,2
333,22,65,27692,1,3,0
334,2,39,59513,2,0,6
335,23,20,280042,0,5,2,1,4,3
336,3,66,161731,3,6,2,0,5,4
337,6,61,800000,2,3,4,5,6,1
338,45,61,425042,3,6,5
339,2,73,22721,0,6,4,2,5
340,16,62,104426,1,3,5,4,2,0
341,15,17,23867,6,3,1
342,77,19,12025,4,0,2,6,3,5
343,40,50,194403,4,5,3,0
344,45,64,364003,2,6,4
345,31,73,24794,6,4,5
346,73,61,19799,6,5,3,0,4
347,3,34,10967,5,1,4,2,3
348,25,17,20720,3,4,5,2,6,1
349,50,61,800000,6,0,1,5,3
350,73,61,22365,5,0,1,2,3,6
351,77,62,73998,4,1,2
352,16,13,98888,2,5,6,0,4,3
353,22,64,434593,3,0,5,6,1
354,16,34,52643,5,2,1,4,0,3
355,31,34,35072,3,0,2
356,23,66,198678,3,2,5,4
357,63,64,800000,5,6,0
358,77,13,582812,3,2,0
359,25,64,12791,3,2,0
360,31,34,38130,0,6,4
361,23,64,342938,4,0,6,1
362,23,17,17607,6,5,3,4,0,1
363,6,13,800000,6,3,4,0,1,5
364,0,13,89700,2,4,1
365,65,20,10064,5,0,6,2,1,4
366,0,20,121369,6,5,0,1
367,2,66,738386,1,2,4,6
368,6,64,800000,3,4,1,0,5
369,23,42,220389,5,4,1
370,23,65,16716,1,2,6,0,3
371,62,64,78219,1,2,6,0,5
372,40,39,44283,2,1,6
373,40,64,262010,0,2,6,5,3,4
374,63,64,800000,3,0,6,4
375,15,20,10356,0,2,4,3
376,22,34,28824,5,0,2,4,3,6
377,1,13,800000,5,1,2
378,50,42,536822,5,3,1,6,4
379,31,34,32687,6,0,2
380,73,34,27811,1,6,0
381,50,66,800000,6,4,3
382,77,20,800000,5,0,4
383,25,15,49602,1,5,0,4,6,3
384,16,42,179668,5,6,4,0,3
385,22,62,59476,0,1,2,5,6
386,0,61,97169,5,4,3,2,1
387,23,64,349269,3,0,5,2,4,1
388,45,62,56804,3,4,2,1,6,0
389,45,39,45868,6,0,4
390,31,34,35072,3,0,2
391,16,50,248427,2,4,6
392,25,64,13759,3,6,5,0
393,1,20,800000,5,4,2,1,0,6
394,73,64,15018,2,1,6
395,26,17,16773,0,3,6
396,25,61,20256,6,2,4
397,25,73,25745,0,1,6
398,25,73,30241,3,1,4,0,2
399,40,19,15554,3,0,1,2,5
400,65,19,35548,1,3,0,6
401,73,61,19799,6,5,3,0,4
402,63,50,800000,4,3,1,2,6,0
403,45,64,505500,2,6,4,0,5,1
404,63,62,62646,1,0,2,3,4
405,1,65,10214,2,3,4,5
406,77,64,800000,4,6,5,1,0
407,31,50,235868,4,0,6,5
408,31,65,40482,4,3,0,6,1
409,31,62,75631,4,0,6
410,73,61,18755,0,4,1,6,3
411,31,64,317897,3,4,1,2,0
412,63,61,800000,1,4,6,2,5
413,22,62,78475,1,3,2
414,22,65,27816,4,2,6
415,1,20,800000,2,1,5,6,4
416,3,13,94342,3,0,4,2,1,5
417,15,73,19971,3,4,0,6
418,40,61,376924,5,0,1,2
419,3,65,10047,4,6,2,3,1
420,77,64,800000,4,6,5,1,0
421,40,50,196433,3,1,2,6,5
422,40,61,376924,5,0,1,2
423,23,13,85290,6,0,2,4,5,1
424,15,73,20440,2,3,4
425,54,61,23274,2,3,6,1
426,40,65,15691,4,3,2,6,0
427,40,20,350885,0,2,5
428,62,42,67035,0,1,2,3,5,4
429,23,15,17391,6,0,3,1,4
430,16,66,131729,5,1,3
431,63,20,800000,6,4,0,2,1
432,63,50,800000,1,0,5
433,23,20,341231,1,2,0,4,6,5
434,2,73,23573,0,5,2,3
435,63,64,800000,6,0,4
436,40,73,16417,1,4,3,6,2
437,0,61,97169,5,4,3,2,1
438,23,39,67586,5,6,1,2
439,22,66,465198,5,0,6,1,2,3
440,77,19,13221,6,0,5,1,2,3
441,16,65,41560,5,6,0,3,2,4
442,22,64,570962,4,1,5,0,2,6
443,40,19,13164,2,3,0,5
444,3,65,10047,4,6,2,3,1
445,26,15,17534,0,4,5
446,40,65,14449,4,5,0,2
447,40,19,12469,2,0,4,6,5
448,23,42,220389,5,4,1
449,2,65,21109,3,2,4,1
450,45,19,13560,3,1,4,6,2
451,26,73,15432,6,3,0
452,23,50,251659,6,5,3,1,0,4
453,45,73,14061,4,1,0,2
454,16,42,158796,6,1,4
455,22,15,31980,2,3,0,5,1
456,1,13,800000,5,4,0,3
457,23,42,220389,5,4,1
458,62,42,58492,4,0,5,2,1,3
459,0,20,89575,4,6,0,2,1,5
460,1,20,800000,6,0,1,4,2
461,1,62,55111,5,4,0
462,31,34,35072,3,0,2
463,45,17,14253,2,0,5,3,6
464,3,13,118669,4,3,1
465,65,19,30620,2,6,3,1
466,31,17,23993,1,3,0
467,77,50,770604,1,6,5,3,0
468,77,42,493032,0,2,6
469,6,39,58944,3,2,5,6,4,1
470,25,15,49602,1,5,0,4,6,3
471,1,66,800000,3,1,6
472,16,50,162931,6,2,1,4
473,63,20,800000,1,5,6,2,3,0
474,16,34,50154,1,4,0,6,3
475,50,20,800000,4,5,2,3,6,1
476,16,39,57419,1,5,3,6,2
477,16,15,37930,1,2,3,5
478,77,15,13812,2,4,3,6,5,0
479,6,61,800000,0,4,1
480,0,13,67352,0,6,4,3
481,40,61,475678,0,5,1,6,2,3
482,40,17,16685,2,0,6,5
483,26,64,12051,2,6,5,3
484,26,65,16378,2,0,5
485,22,66,594034,2,6,0,1
486,1,20,800000,6,0,1,4,2
487,50,61,800000,6,0,1,5,3
488,0,61,109547,2,3,0
489,22,20,659410,3,0,6
490,22,19,33616,6,4,0,3,1,5
491,62,50,71863,1,4,6
492,77,62,61109,1,4,2,3,0,5
493,3,19,10656,0,5,4
494,45,19,13004,2,4,1,5,3,0
495,45,61,425042,3,6,5
496,0,39,39756,2,4,0,3,5
497,63,50,800000,6,3,4
498,31,17,24920,5,4,3,2,1
499,16,62,104426,1,3,5,4,2,0
500,62,42,68911,2,0,3,6,4,5
501,26,19,16879,4,0,5
502,50,13,800000,6,2,3
503,40,15,16654,1,0,5
504,23,66,198678,3,2,5,4
505,54,61,23274,2,3,6,1
506,45,13,97599,3,4,6
507,77,50,770604,1,6,5,3,0
508,16,34,50488,1,0,2,6,3
509,54,34,26645,3,4,6,0,5
510,31,73,24794,6,4,5
511,16,64,378337,6,2,1
512,62,42,67035,0,1,2,3,5,4
513,62,66,70361,2,3,5,6,4,1
514,1,13,800000,5,4,0,3
515,45,20,399953,2,1,0
516,15,61,21565,2,0,1,5
517,73,19,30698,4,5,6
518,23,65,16180,4,0,1,3,5,6
519,45,39,49942,5,3,4,2,1,6
520,65,73,26052,1,0,5,6
521,25,65,37434,6,1,3,2,5,0
522,40,66,166266,3,0,5,1
523,0,13,67352,0,6,4,3
524,31,42,175587,4,2,1,3,5
525,77,20,800000,5,0,4
526,23,13,106770,6,3,1,4,0
527,2,73,18327,5,1,2,0,3,4
528,40,39,44283,2,1,6
529,23,61,449303,4,2,5,0,6
530,22,61,429598,6,2,1
531,40,15,16654,1,0,5
532,73,19,24603,5,6,1
533,15,19,41945,6,2,5
534,23,15,17391,6,0,3,1,4
535,16,17,28515,3,0,6
536,15,19,41945,6,2,5
537,40,73,14352,4,6,0,2,5
538,1,20,800000,5,4,2,1,0,6
539,23,42,193074,2,4,3
540,50,13,800000,2,1,4,0,5,3
541,26,64,14773,6,0,3
542,45,73,15027,1,0,5,6
543,65,15,39739,2,4,5,1,3
544,23,66,198678,3,2,5,4
545,22,34,28824,5,0,2,4,3,6
546,62,42,65264,0,3,1,5
547,2,61,800000,1,4,0
548,16,13,109229,3,1,6,0
549,63,61,800000,6,2,4,1,3
550,0,39,48053,2,0,6,3
551,54,61,20437,6,3,4,2
552,50,61,800000,6,0,1,5,3
553,23,34,18939,5,3,6,1
554,16,19,32303,6,1,2,3
555,73,61,19323,4,1,2
556,6,66,800000,0,2,1
557,63,42,547212,0,6,3,4
558,26,61,15953,4,3,5,2,0,1
559,15,17,22963,4,1,2
560,1,64,800000,4,1,2,6,5,3
561,3,61,264497,2,0,6,5,3
562,40,17,16554,1,2,0,6
563,40,61,475678,0,5,1,6,2,3
564,23,42,258062,3,1,4,6,2,5
565,77,65,12286,2,3,0,6,5,1
566,26,39,10151,6,3,0
567,6,20,800000,2,1,3,4,6,0
568,45,73,14415,6,0,3
569,16,42,179668,5,6,4,0,3
570,15,34,46250,2,4,0,3,5,6
571,26,20,12215,0,6,5,1
572,2,42,501786,2,4,1
573,25,65,40385,2,3,0
574,26,64,12051,2,6,5,3
575,23,50,212221,6,4,0,1,3,2
576,26,34,16791,0,6,1,3,5,2
577,45,15,13932,4,0,2
578,23,17,18714,3,5,6,1
579,40,17,14394,6,4,3,1
580,62,61,67119,4,3,5,1,2
581,62,20,88704,3,6,1
582,2,50,549641,0,5,2,4,6
583,2,62,74009,5,2,4,0,1
584,77,39,54675,6,2,3,1,4,5
585,22,42,93118,5,2,6,0
586,3,20,249780,3,0,4,5,6,2
587,77,64,800000,2,4,3,6,5,0
588,31,62,95371,6,1,5,4,2
589,25,17,20720,3,4,5,2,6,1
590,45,66,126801,0,3,2,5
591,62,13,53350,4,3,1
592,6,20,800000,2,3,1
593,45,34,14719,1,0,4,3
594,23,65,18884,5,1,2,3
595,40,13,84258,1,3,4,6
596,23,64,304388,5,4,2
597,23,64,342938,4,0,6,1
598,15,73,26519,5,2,1,4,6
599,23,15,17391,6,0,3,1,4
600,26,15,17534,0,4,5
601,6,50,800000,1,6,3
602,22,34,28824,5,0,2,4,3,6
603,2,39,67216,6,2,3,1,0,4
604,1,17,10168,5,1,4,2,0
605,40,19,15554,3,0,1,2,5
606,16,13,107955,5,6,1,3
607,63,20,800000,4,5,6,3,0,2
608,3,64,287529,0,4,5,3,1
609,25,19,43776,0,6,4
610,45,62,56804,3,4,2,1,6,0
611,54,17,27679,4,5,1,3,6
612,63,66,800000,5,6,0,3
613,0,39,39756,2,4,0,3,5
614,26,34,16791,0,6,1,3,5,2
615,3,13,114590,5,3,2
616,50,66,800000,6,4,3
617,6,62,65807,1,4,6
618,3,42,158963,2,0,4
619,25,61,19297,5,2,4
620,31,19,45655,1,5,2
621,40,50,148240,0,4,3,1,5,2
622,0,62,66074,2,6,1
623,77,66,385719,6,0,3,2,4
624,45,20,339856,4,6,5,1
625,15,17,20476,2,3,0
626,45,50,213218,3,6,1,4
627,25,73,25745,0,1,6
628,73,19,24603,5,6,1
629,6,64,800000,2,3,0,5,6,4
630,1,66,800000,2,3,1,5
631,40,61,334450,5,3,0,2,4
632,0,66,144985,2,6,0
633,50,61,800000,5,6,1
634,3,50,163723,4,1,5,2
635,6,62,65061,3,1,6
636,26,64,13598,1,4,5
637,16,64,378337,6,2,1
638,54,17,25068,2,5,3,0,4
639,0,42,131457,1,4,5,6,2
640,26,65,19842,3,4,6
641,1,13,800000,5,1,2
642,16,20,410651,6,3,1,4,0
643,16,65,32704,4,2,6,5
644,1,42,456687,3,6,2
645,45,65,11447,4,6,2,1,3,5
646,2,19,19594,2,5,1,6
647,15,17,20476,2,3,0
648,54,17,27679,4,5,1,3,6
649,77,39,44634,6,4,5,3,0
650,15,17,23867,6,3,1
651,73,61,19323,4,1,2
652,40,65,16455,6,3,2,5
653,65,19,30620,2,6,3,1
654,40,13,100593,1,2,5,0
655,77,64,800000,4,6,5,1,0
656,63,39,55556,5,0,2,3
657,40,73,12586,2,4,1,5,0
658,26,34,17484,4,1,0,2
659,6,64,800000,3,4,1,0,5
660,26,64,12051,2,6,5,3
661,40,50,148240,0,4,3,1,5,2
662,31,17,20625,5,1,2,6,0
663,65,15,39805,3,0,5
664,23,39,62695,5,0,1,3,6
665,73,20,11505,5,3,2,0,1
666,26,20,12081,3,4,6,2,0,5
667,2,66,564517,2,0,6,3,1,4
668,1,50,800000,5,2,4
669,25,34,52627,2,1,0,3
670,16,13,79718,0,2,1
671,0,42,146811,5,3,0,6,2
672,77,61,800000,6,1,3,2
673,62,66,66500,1,6,5,2,0,4
674,1,61,800000,1,3,4,2,6
675,23,61,427424,5,2,0,1,4
676,73,34,25521,6,2,4,1,3,0
677,45,39,45777,6,5,1,3,2,4
678,23,50,218422,6,0,3,2,1
679,40,62,83758,2,1,4,3,5,0
680,6,13,800000,6,3,4,0,1,5
681,6,66,800000,4,1,3,6,2
682,2,64,800000,5,4,2
683,16,39,48571,4,3,5,2
684,6,62,59186,3,4,6,0
685,31,13,94958,3,1,0,4,2
686,15,17,23867,6,3,1
687,3,73,10841,6,4,1,3,2
688,25,73,25953,4,3,2,0,1,5
689,1,42,456687,3,6,2
690,54,64,13356,2,6,4,0,1,5
691,77,66,385719,6,0,3,2,4
692,2,73,18327,5,1,2,0,3,4
693,45,66,157553,2,0,1,3,5
694,16,50,162931,6,2,1,4
695,2,13,505389,2,4,5,6
696,31,19,32344,6,5,3,4,0,2
697,0,20,148040,5,0,4,2,3
698,77,66,385719,6,0,3,2,4
699,16,61,435899,1,4,3,2,6,0
700,0,62,48793,6,2,0,3,5,1
701,62,66,66500,1,6,5,2,0,4
702,15,17,20476,2,3,0
703,15,34,38759,4,6,2,5,1
704,31,64,317897,3,4,1,2,0
705,16,73,27284,4,6,5,0,2
706,62,61,67119,4,3,5,1,2
707,23,64,304388,5,4,2
708,31,17,20625,5,1,2,6,0
709,2,64,800000,5,4,2
710,26,17,13704,2,4,5
711,25,19,37767,3,1,6,4,2,0
712,26,19,16879,4,0,5
713,25,17,20720,3,4,5,2,6,1
714,1,42,669075,3,6,1
715,25,20,11717,4,0,6,2,3,5
716,40,17,14394,6,4,3,1
717,16,19,42515,1,6,2,4
718,16,17,19542,2,3,5,1
719,62,20,72372,5,1,0,4,3,2
720,73,64,14112,2,0,1,5
721,62,61,86594,5,2,0,6,3
722,0,39,45481,6,1,2
723,31,39,48693,4,1,3,2,6
724,6,50,800000,5,0,6,4,3,1
725,2,17,23647,5,6,4
726,0,61,130082,2,4,5,1,6,3
727,25,65,40385,2,3,0
728,62,50,63662,2,1,6,4,5,0
729,45,13,89340,1,5,4,2,6
730,63,50,800000,0,1,3,4
731,54,64,11436,2,5,1,3,0
732,0,64,127933,6,1,3,0,2
733,3,65,10047,4,6,2,3,1
734,26,64,14773,6,0,3
735,3,39,46311,5,3,0
736,22,42,88371,6,0,3,1,2
737,22,17,24158,4,5,3
738,54,73,26463,0,2,5,1
739,1,66,800000,6,5,0,2,1
740,73,19,24603,5,6,1
741,0,42,99041,4,5,6
742,54,15,31930,0,1,6
743,45,34,14719,1,0,4,3
744,73,20,11533,1,3,6,2
745,2,17,18860,5,6,3,4,1,2
746,73,15,28585,0,1,5,6
747,22,20,625849,6,4,5,3,2
748,22,66,585272,6,0,5,3
749,1,61,800000,5,3,1
750,23,13,117965,2,5,4,0,6,3
751,31,34,32687,6,0,2
752,63,13,800000,6,1,5,4,2
753,40,13,100593,1,2,5,0
754,22,42,92733,6,0,5,3,4,1
755,1,42,541160,1,5,6,3,0
756,40,61,455662,6,1,2,5,0
757,26,19,17573,0,2,3,1
758,16,20,383979,0,4,3,2
759,22,19,33616,6,4,0,3,1,5
760,77,65,12286,2,3,0,6,5,1
761,0,39,48053,2,0,6,3
762,31,65,40873,6,3,2
763,0,39,39756,2,4,0,3,5
764,15,61,18068,0,5,3
765,45,20,339856,4,6,5,1
766,1,42,456687,3,6,2
767,16,13,79718,0,2,1
768,2,20,800000,0,5,6,1,4,2
