0,36,37,19942,0,4,2,3,5
1,5,30,396256,3,2,1,0,5,6
2,37,73,43720,0,2,4,1,5
3,31,25,16558,2,6,3,1
4,37,73,47366,6,5,2
5,47,39,14322,1,5,3,0,4
6,2,37,10705,3,4,2
7,31,77,242834,2,3,6,5
8,2,77,189466,1,6,4,5,2
9,31,37,16034,1,5,6,0
10,0,30,292608,4,3,6,5
11,44,73,57830,5,0,4,3,1,6
12,42,10,27509,3,4,5
13,42,61,800000,2,5,3,4,0,6
14,41,30,417693,5,6,1,0,2,3
15,73,25,52592,5,0,3,6
16,14,47,800000,6,0,2,3
17,2,10,10501,4,1,0,3,6,5
18,64,25,124930,2,5,3
19,44,30,800000,3,1,0,2
20,12,50,316592,5,2,3,1,6
21,0,47,472836,5,2,1,0
22,47,73,13681,6,5,3,0,1,2
23,73,30,60595,4,1,0,6
24,17,61,32837,5,1,4
25,14,47,800000,1,4,3,5
26,36,37,18213,0,6,4,1
27,2,50,800000,1,2,4,0,6
28,41,47,800000,0,4,5,1
29,47,50,800000,4,5,6,0,1,2
30,17,25,32798,0,2,3,6,4,1
31,36,47,315955,3,4,0,6
32,14,36,134335,1,2,4,0,5
33,31,77,236120,3,0,2
34,5,47,800000,5,4,1,0
35,6,30,650211,1,5,2,4,0,3
36,22,25,78199,6,4,1,0,2,5
37,31,73,14317,0,3,5,6,1
38,12,30,296899,4,5,6,2,3,0
39,44,10,99240,5,0,4,6,1,3
40,12,61,293361,0,3,2,4
41,31,36,204731,5,6,2
42,36,37,19942,0,4,2,3,5
43,17,39,35458,2,1,3
44,17,10,31968,3,2,1,5
45,47,77,200679,6,0,5,4
46,47,10,14281,0,4,1,6
47,5,50,800000,6,3,2,4,1,0
48,42,47,786328,3,2,1,0
49,47,10,14967,0,5,3
50,5,36,131203,5,4,3,2,1,0
51,42,37,27866,0,3,6,1,4
52,17,15,27926,2,0,6
53,31,25,15007,0,4,2,3,5,1
54,2,10,11230,4,3,6,2,1,0
55,37,15,69624,0,4,5,2
56,31,10,17254,2,1,3,0,5,6
57,36,66,323026,4,2,3,0
58,31,30,800000,2,5,0,4
59,47,77,201726,1,5,6,4,2,0
60,63,61,800000,6,1,2
61,12,61,293361,0,3,2,4
62,44,15,98557,4,6,3,0
63,42,10,26763,5,1,2,6,3
64,14,50,800000,4,5,3,2,1
65,36,47,259337,1,4,6,3
66,73,37,47189,2,4,1,3
67,36,47,292922,0,6,1,5,2,3
68,42,10,27509,3,4,5
69,47,66,800000,5,3,1
70,36,61,351499,0,3,2,6,1,4
71,17,73,30918,5,0,1
72,44,25,89227,0,5,2,1,6,4
73,6,66,800000,6,0,4,3
74,22,73,54499,5,1,6,4,2,3
75,31,25,15007,0,4,2,3,5,1
76,12,50,239588,4,2,0,5,1,6
77,12,61,327048,1,0,6,5,2,3
78,42,66,578598,4,1,5,0
79,73,10,65881,5,6,1,3,2,4
80,17,77,24038,3,2,6,0,4
81,17,37,33768,2,6,3,0
82,5,61,800000,4,6,1,2
83,12,66,238266,5,3,4
84,73,77,20017,3,6,4,1,5
85,0,77,100494,4,0,5,2
86,41,47,800000,6,4,5
87,2,61,800000,0,5,2,1,6
88,14,30,505463,4,1,3,2,0
89,14,77,152921,4,3,2,0
90,63,66,800000,5,2,1,0,4
91,5,47,800000,5,4,1,0
92,64,15,101721,6,4,0,3,1
93,14,36,134335,1,2,4,0,5
94,73,39,37890,0,6,2,4,1,5
95,42,77,117599,0,1,2,4,6,3
96,17,37,33768,2,6,3,0
97,44,25,76286,1,6,4,2
98,41,30,359014,5,3,6
99,41,77,134641,4,0,5,6
100,14,30,334764,4,1,5,6,3
101,6,30,611110,2,4,1,0
102,64,10,103520,3,5,6,2,0,1
103,44,47,771525,1,4,0
104,5,61,800000,2,5,6,0
105,37,30,56380,1,4,3,5
106,31,66,800000,1,4,6,0
107,64,61,42464,0,2,1,4
108,2,25,12391,1,5,3,0,4
109,31,39,16600,0,2,5
110,42,39,31738,6,1,0,5
111,2,36,199403,1,2,6,5,4,3
112,63,47,800000,0,6,4,3
113,42,61,800000,4,1,5,0
114,22,15,66117,2,4,0,3
115,5,77,142844,3,0,4,1,2
116,17,36,17848,2,6,0,4
117,0,47,339963,2,0,5
118,12,30,258301,3,4,2,6,1,0
119,5,36,126479,6,3,2
120,44,37,68882,3,6,0,2
121,14,66,800000,2,0,6
122,37,10,53917,5,4,6,0,1
123,44,61,800000,5,2,1
124,64,15,109086,1,0,4,2
125,17,10,31968,3,2,1,5
126,14,47,800000,6,0,2,3
127,0,61,474189,6,0,3,4,1
128,2,30,800000,4,2,1,6
129,64,15,101721,6,4,0,3,1
130,37,36,17150,0,6,4,3
131,17,47,10795,2,4,5
132,63,50,800000,5,2,0,6,1,4
133,37,77,25143,6,3,0,4,2,1
134,42,25,27719,1,6,2
135,42,36,116869,4,5,1,6,0
136,73,30,60412,3,6,4,2
137,44,10,99240,5,0,4,6,1,3
138,14,36,144454,4,5,1,2
139,41,66,800000,2,0,3,6,1
140,42,66,518343,5,6,0
141,5,36,126479,6,3,2
142,47,73,11849,1,3,5,0,2
143,64,10,92554,5,0,2,3,4
144,41,30,417693,5,6,1,0,2,3
145,36,73,18325,2,3,6,1
146,73,77,22969,0,5,6
147,5,61,800000,5,6,0,3,1,2
148,22,36,22766,0,3,5,1
149,73,37,47189,2,4,1,3
150,64,47,11452,1,3,2,4,0,6
151,31,73,17123,3,5,4,6
152,47,61,800000,3,6,5,2,4
153,14,47,800000,6,0,2,3
154,64,30,105344,0,4,2,6,5,3
155,63,61,800000,6,1,2
156,31,50,800000,1,3,0,6,4
157,37,39,42992,0,5,4
158,63,77,171211,1,5,2,4,6,0
159,0,47,472836,5,2,1,0
160,5,47,800000,1,3,2,5,0,4
161,6,47,800000,2,0,4,5
162,14,50,800000,4,0,1
163,44,77,123358,0,4,3,2
164,37,47,11310,5,6,0,4
165,64,37,62577,6,3,5,0,2,4
166,63,50,800000,6,1,2,5,0
167,63,30,596768,1,4,2,5,3,6
168,47,15,12916,5,1,6,4,3,2
169,73,36,15050,4,0,2,6,5
170,14,36,134335,1,2,4,0,5
171,22,37,67814,5,4,3,1,2
172,37,15,47451,0,5,6,4,3
173,44,73,53489,5,2,4
174,31,50,800000,3,1,4
175,12,30,258301,3,4,2,6,1,0
176,12,25,10911,6,2,4
177,2,36,207550,4,1,5,6,2
178,0,66,356873,5,6,0
179,64,39,43606,5,4,6,3,1,2
180,0,77,100494,4,0,5,2
181,73,37,48982,6,5,0,4,1,3
182,0,77,99325,1,5,4,2,6
183,2,15,11423,4,2,1,0,6
184,64,39,39765,6,4,0
185,37,36,18817,1,6,3,4,5
186,2,50,800000,2,4,5,6,3
187,0,66,356873,5,6,0
188,36,50,292906,3,4,0
189,63,30,589422,6,1,2,4,5
190,17,37,31858,0,6,2,1,3,5
191,42,47,725992,3,0,4,1
192,2,50,800000,6,2,5,4
193,44,10,102826,4,2,5,3,6
194,22,39,43270,4,6,3,0,5,1
195,42,10,27509,3,4,5
196,31,50,800000,2,6,1
197,73,36,16833,2,5,3,6
198,37,30,56380,1,4,3,5
199,6,66,800000,6,0,4,3
200,17,39,35458,2,1,3
201,36,61,341730,5,4,2,0
202,36,73,18325,2,3,6,1
203,31,47,800000,4,6,3,0
204,64,37,58120,5,4,2,6,1,0
205,47,50,800000,3,2,6,5,0
206,14,61,800000,3,4,1,2,5,0
207,44,37,66747,1,4,0,6,2,5
208,44,77,123358,0,4,3,2
209,36,77,210735,1,4,0
210,73,61,35070,5,4,1,6,3,0
211,12,25,10911,6,2,4
212,73,15,46879,0,2,6
213,12,30,188585,4,1,6,0
214,64,37,69748,0,1,6
215,37,61,34228,4,0,1,5,6
216,44,39,48065,1,3,2,0
217,73,39,42487,1,2,5,3,4,6
218,14,61,800000,6,2,5
219,44,73,55010,4,0,1,5
220,44,61,800000,2,1,5,6,3
221,22,10,86168,2,4,1
222,47,39,13928,5,3,1,0,4,2
223,44,61,800000,4,2,6,1,5,0
224,6,61,800000,0,2,5
225,41,77,113131,6,1,4
226,0,47,384097,3,4,6,2
227,42,36,112643,6,3,1,4
228,5,30,405805,2,3,4
229,37,73,47366,6,5,2
230,36,47,354719,4,1,6,2,3,5
231,0,77,99325,1,5,4,2,6
232,36,61,351499,0,3,2,6,1,4
233,42,36,116869,4,5,1,6,0
234,73,39,37966,6,5,1,4,0,3
235,6,77,141731,1,2,0,5,4
236,73,30,54538,6,0,1,5,3
237,42,25,28435,5,3,6,2,1
238,17,77,27298,0,4,1,5,6,3
239,44,73,57830,5,0,4,3,1,6
240,22,77,21275,6,3,2,0,4
241,31,15,16340,1,2,6,3
242,14,66,800000,2,0,5
243,42,30,800000,0,2,4,5,3,1
244,12,30,243568,0,4,1,5,2,6
245,22,15,81468,1,3,0,4,6,5
246,42,73,23060,6,4,3,2,5,1
247,47,66,800000,0,6,4,3,2
248,2,66,800000,0,2,5,4
249,37,25,63717,0,2,3,5,4,6
250,6,66,800000,4,1,6,2,0
251,44,61,800000,4,2,5,1,3
252,64,10,103520,3,5,6,2,0,1
253,6,61,800000,0,2,6,1,4
254,22,25,73779,1,0,5,4,2
255,5,30,405805,2,3,4
256,22,47,10955,5,0,4,1
257,2,36,154258,6,4,2,5,1,3
258,5,30,396256,3,2,1,0,5,6
259,14,61,800000,6,2,5
260,73,30,60412,3,6,4,2
261,64,10,96867,3,4,6,5,2,1
262,64,10,103520,3,5,6,2,0,1
263,0,66,466471,2,1,4,5,6,0
264,2,25,11819,2,4,6,5,1
265,17,77,24294,3,6,1,2,0,4
266,0,66,460691,1,4,5,3,2,6
267,64,30,105276,0,2,4,5,6
268,42,47,800000,6,0,3,1,5,4
269,0,36,111587,0,3,2
270,41,47,800000,4,0,2,6
271,36,10,20074,3,4,5,2
272,0,50,453425,6,2,3,0
273,17,39,31205,5,4,2
274,42,30,800000,5,6,3
275,37,73,43720,0,2,4,1,5
276,47,77,201726,1,5,6,4,2,0
277,31,15,16712,1,3,6,4,2
278,42,30,800000,1,6,4,5,0
279,37,39,41153,4,0,3
280,44,47,800000,2,5,0,1
281,5,50,800000,6,3,2,4,1,0
282,41,77,108942,0,3,6,1,5
283,37,36,17150,0,6,4,3
284,44,37,81950,4,1,3,5,6
285,63,77,164051,6,5,3
286,64,61,36303,2,6,0,5
287,42,37,27866,0,3,6,1,4
288,2,10,10501,4,1,0,3,6,5
289,63,61,800000,0,4,5,3,6,1
290,36,30,230780,4,3,2,0,5
291,73,10,65881,5,6,1,3,2,4
292,22,77,21555,0,1,5,4,6
293,64,73,74824,3,5,6
294,0,47,339963,2,0,5
295,44,30,800000,5,3,2,4,1,0
296,36,50,279047,2,5,3,6,4,0
297,0,66,466471,2,1,4,5,6,0
298,2,50,800000,6,2,5,4
299,47,61,800000,1,5,6,4,3,0
300,44,15,75861,1,0,5
301,44,50,448932,4,0,2,5
302,14,36,117014,0,1,4,6
303,2,50,800000,1,2,4,0,6
304,44,36,129719,1,6,4,5
305,5,50,800000,1,0,5
306,36,47,292922,0,6,1,5,2,3
307,44,39,41461,4,6,0,1,3,2
308,37,61,33643,6,4,0,1,5
309,63,30,596768,1,4,2,5,3,6
310,47,77,201726,1,5,6,4,2,0
311,36,39,19594,6,5,2,4,1
312,44,50,377061,5,6,0,2
313,42,36,96771,0,4,6,1,3,5
314,64,77,23709,1,2,5,4,3,0
315,64,10,96867,3,4,6,5,2,1
316,31,15,16340,1,2,6,3
317,31,10,17261,3,6,1,5,2,4
318,47,37,13910,2,1,3,6,5
319,2,10,10501,4,1,0,3,6,5
320,6,30,650211,1,5,2,4,0,3
321,63,66,800000,0,5,3,1
322,6,30,578147,3,2,5,4,0
323,0,50,453425,6,2,3,0
324,37,39,41750,6,3,0,4,2,1
325,37,10,64895,6,0,1,2,3
326,42,47,725992,3,0,4,1
327,12,50,316592,5,2,3,1,6
328,41,66,800000,6,0,4,1
329,44,61,800000,4,2,5,1,3
330,37,10,65018,1,4,0,2,3,5
331,17,36,22330,6,1,5,0,4,2
332,47,77,201726,1,5,6,4,2,0
333,47,10,14967,0,5,3
334,44,61,800000,4,2,6,1,5,0
335,6,47,800000,5,0,4
336,36,37,18213,0,6,4,1
337,44,50,350240,6,2,3
338,14,47,800000,4,6,1,0,3,5
339,37,36,17514,4,3,6,1,0,2
340,6,30,800000,4,3,1,2,5,6
341,47,30,800000,3,4,6,1,5,2
342,2,36,165888,0,3,5,4,6,1
343,2,66,800000,1,0,3,4,6,5
344,12,25,10911,6,2,4
345,42,10,26763,5,1,2,6,3
346,37,73,47366,6,5,2
347,41,61,800000,3,5,4,0
348,44,10,99240,5,0,4,6,1,3
349,42,25,24151,6,1,2,0,3
350,14,66,800000,2,0,6
351,6,66,800000,6,0,4,3
352,73,36,16833,2,5,3,6
353,42,15,26665,4,1,2,6,5
354,22,77,21558,4,2,6,5,0
355,37,25,63717,0,2,3,5,4,6
356,14,66,800000,6,0,2,5,4
357,44,50,350240,6,2,3
358,36,50,292906,3,4,0
359,73,39,42487,1,2,5,3,4,6
360,31,15,16712,1,3,6,4,2
361,41,36,125975,0,5,2,4,1,3
362,14,30,290887,6,5,0,1,2
363,37,10,64895,6,0,1,2,3
364,64,37,63599,5,4,0,1
365,5,77,143537,1,2,5,4
366,37,47,11895,2,6,0,3,4
367,41,36,149617,1,5,2,3,4,6
368,63,47,800000,0,6,4,3
369,64,36,17251,0,1,6,2,3,5
370,36,25,17972,4,0,5
371,22,73,58494,6,2,4,3,1
372,0,47,472836,5,2,1,0
373,0,47,472836,5,2,1,0
374,41,47,800000,4,0,2,6
375,17,47,10974,1,5,3,6,2
376,64,10,103520,3,5,6,2,0,1
377,42,77,117599,0,1,2,4,6,3
378,2,15,10779,4,0,2,1,3,5
379,63,66,800000,3,6,0,2
380,47,30,800000,0,2,1,6
381,14,36,144454,4,5,1,2
382,17,10,30206,2,4,5,0
383,6,30,650211,1,5,2,4,0,3
384,0,66,460691,1,4,5,3,2,6
385,63,36,158580,6,1,0
386,22,25,82332,6,4,2
387,12,50,250488,1,6,4
388,64,77,20162,4,5,0,2,6,3
389,64,30,101730,5,1,2,0,6,4
390,47,10,13452,0,1,2
391,22,77,23078,3,4,0
392,41,66,800000,6,1,2,0
393,31,37,14965,5,4,1
394,0,61,473732,3,2,1,6,5
395,37,39,42992,0,5,4
396,5,77,143537,1,2,5,4
397,2,25,11855,4,5,6
398,44,47,540115,5,0,3,2,1
399,41,47,800000,4,0,2,6
400,0,47,339963,2,0,5
401,14,66,800000,2,0,5
402,17,37,27117,5,4,6
403,31,15,15721,3,5,0,6,2,4
404,63,47,800000,5,2,1
405,31,15,16438,6,2,1,4,0,5
406,17,39,35430,6,3,0,5,1,4
407,41,66,800000,0,5,2,3,6,4
408,31,10,17254,2,1,3,0,5,6
409,36,66,342844,6,4,2,1,5
410,64,47,11867,2,3,5,4,6
411,2,66,800000,2,0,1,6,3,4
412,41,50,800000,4,5,3,2,6
413,42,15,27083,2,3,1
414,47,37,12219,6,0,3,2,5,4
415,22,39,45578,2,3,1,0
416,64,37,69748,0,1,6
417,36,73,17138,2,5,6,0,3,1
418,31,47,800000,2,4,6,3
419,36,25,17972,4,0,5
420,42,73,26334,3,5,0
421,42,30,800000,1,6,4,5,0
422,47,30,800000,3,4,6,1,5,2
423,12,25,10911,6,2,4
424,41,66,800000,6,0,4,1
425,36,30,230780,4,3,2,0,5
426,0,61,462732,2,5,0,1,6,3
427,41,47,800000,6,4,5
428,22,39,43270,4,6,3,0,5,1
429,14,50,800000,4,5,3,2,1
430,64,47,11867,2,3,5,4,6
431,0,77,115617,5,0,6
432,22,77,23078,3,4,0
433,17,47,10974,1,5,3,6,2
434,37,15,57407,5,3,4,2,1
435,73,39,37966,6,5,1,4,0,3
436,17,37,31858,0,6,2,1,3,5
437,6,61,800000,4,1,2,0
438,14,77,152921,4,3,2,0
439,42,37,23389,2,6,0
440,44,77,111240,0,1,6
441,36,10,18682,2,5,1,6,0
442,31,47,800000,2,4,6,3
443,44,37,81950,4,1,3,5,6
444,41,50,800000,0,3,5,1,6,4
445,14,36,108880,6,1,4
446,36,10,18682,2,5,1,6,0
447,5,50,800000,5,6,2,1,4
448,73,77,21666,3,5,6,2,4
449,12,50,253592,2,6,1,4,5,0
450,2,61,800000,3,4,1,2,6
451,22,36,22766,0,3,5,1
452,64,73,74824,3,5,6
453,73,39,37966,6,5,1,4,0,3
454,2,73,10014,0,4,3,6
455,31,61,800000,3,6,0,2
456,44,36,129719,1,6,4,5
457,47,50,800000,3,2,6,5,0
458,41,66,800000,6,1,2,0
459,2,10,11259,4,2,6
460,14,47,800000,2,6,1,5,3,4
461,37,73,52394,3,4,1,2,6,5
462,64,47,11452,1,3,2,4,0,6
463,0,47,396719,2,4,1,5,0
464,5,61,800000,5,6,0,3,1,2
465,5,36,126479,6,3,2
466,44,61,800000,2,1,5,6,3
467,47,66,800000,2,1,4
468,42,15,27964,0,6,3
469,2,15,10551,6,3,1,2,0
470,37,39,41750,6,3,0,4,2,1
471,31,47,800000,4,0,3
472,44,36,142913,4,3,2
473,37,77,21619,1,4,5,6,2,0
474,31,15,16438,6,2,1,4,0,5
475,42,30,800000,5,6,3
476,44,77,125892,3,5,4,6,2
477,5,47,800000,5,4,1,0
478,14,77,133233,6,1,3
479,44,10,89962,3,2,6,5
480,2,61,800000,1,2,6
481,6,61,800000,0,2,6,1,4
482,17,47,10795,2,4,5
483,44,15,98557,4,6,3,0
484,31,37,15666,2,3,5,1,4,0
485,22,10,84701,4,0,6,3,1,2
486,31,25,16269,6,1,0,5,4
487,73,15,50111,2,4,1,6
488,31,37,15666,2,3,5,1,4,0
489,31,73,14342,0,1,2,4,5
490,73,37,48982,6,5,0,4,1,3
491,37,25,60350,5,3,1,0
492,44,73,57830,5,0,4,3,1,6
493,12,36,147755,0,3,1,2,5
494,47,66,800000,5,3,1
495,2,39,10690,0,2,4
496,17,73,27186,3,0,6
497,47,36,218186,1,2,0,5,6
498,17,30,42246,1,5,2,0
499,44,36,124561,6,5,2
500,14,47,800000,6,0,2,3
501,44,36,129719,1,6,4,5
502,63,77,123788,6,5,4,3,2
503,17,47,10974,1,5,3,6,2
504,6,30,578147,3,2,5,4,0
505,0,77,100494,4,0,5,2
506,73,10,53751,3,2,0,6,4,5
507,47,77,204079,2,4,1,0,6
508,2,15,10779,4,0,2,1,3,5
509,37,61,34432,5,1,3
510,17,47,11605,5,4,6
511,37,15,69624,0,4,5,2
512,47,61,800000,5,1,4
513,31,10,17157,3,1,0,6,2
514,36,37,18213,0,6,4,1
515,2,61,800000,3,4,1,2,6
516,0,50,380887,1,0,2
517,17,73,27801,6,5,3,2,0,1
518,2,73,10014,0,4,3,6
519,22,25,78199,6,4,1,0,2,5
520,64,36,18250,1,6,0,4,5,3
521,5,50,800000,1,6,2
522,2,37,11242,5,4,2
523,47,10,12844,0,6,1,2,3
524,37,73,43148,6,3,5,0,4,1
525,22,61,36304,6,5,4,3
526,36,37,18213,0,6,4,1
527,12,66,238266,5,3,4
528,44,61,800000,2,1,5,6,3
529,64,36,16270,3,5,2
530,2,25,11855,4,5,6
531,42,77,125627,0,1,5,4,2
532,36,47,259337,1,4,6,3
533,2,10,11259,4,2,6
534,37,39,41750,6,3,0,4,2,1
535,31,66,800000,1,4,6,0
536,73,15,50111,2,4,1,6
537,63,30,800000,2,4,1,5
538,44,47,771525,1,4,0
539,22,36,22766,0,3,5,1
540,36,77,210735,1,4,0
541,64,73,68780,2,4,5,3
542,47,25,12778,2,6,1,5
543,36,50,250222,6,5,3,1
544,73,61,35070,5,4,1,6,3,0
545,6,61,800000,0,2,6,1,4
546,73,39,37966,6,5,1,4,0,3
547,22,73,54499,5,1,6,4,2,3
548,63,77,171211,1,5,2,4,6,0
549,44,47,800000,5,3,0,6
550,12,77,165426,3,4,0,5,1,6
551,73,47,12266,4,0,2
552,5,30,396256,3,2,1,0,5,6
553,2,25,11855,4,5,6
554,44,73,57763,0,2,3,4,6,5
555,47,36,169509,4,5,0,6,3
556,41,66,800000,6,1,2,0
557,36,39,19311,1,5,6,3,2
558,47,25,14122,1,4,3,6,5,2
559,12,36,147755,0,3,1,2,5
560,31,39,17589,0,1,4,2
561,5,36,157434,1,6,2
562,44,73,55010,4,0,1,5
563,14,61,800000,6,1,0,2
564,44,73,57763,0,2,3,4,6,5
565,36,73,17138,2,5,6,0,3,1
566,22,37,60419,0,2,5,4,6,3
567,36,39,19311,1,5,6,3,2
568,17,77,24038,3,2,6,0,4
569,63,50,800000,5,3,6,1,4
570,31,39,16114,3,5,6,0,1,4
571,0,36,107604,1,2,6,5,0
572,2,10,10501,4,1,0,3,6,5
573,44,50,448932,4,0,2,5
574,47,77,203525,2,3,4,1,0
575,17,10,28560,0,3,5,2,6,4
576,41,50,800000,6,0,2
577,44,47,800000,5,3,0,6
578,31,73,17123,3,5,4,6
579,17,15,29586,0,5,1,6
580,44,15,93963,3,4,1
581,47,25,13080,2,3,1,0,5,6
582,63,77,123788,6,5,4,3,2
583,31,25,15007,0,4,2,3,5,1
584,42,73,25340,5,3,4,2
585,44,73,55010,4,0,1,5
586,73,36,18516,2,3,1,5,0,6
587,17,37,27117,5,4,6
588,73,77,22969,0,5,6
589,41,66,800000,6,1,2,0
590,42,73,26334,3,5,0
591,2,36,154258,6,4,2,5,1,3
592,42,39,31738,6,1,0,5
593,2,37,10218,3,1,5,0
594,44,36,124561,6,5,2
595,63,50,800000,2,6,0,4,1
596,36,37,18213,0,6,4,1
597,63,36,155914,0,3,4,1,2,5
598,2,47,800000,0,4,5,1,2
599,73,39,37890,0,6,2,4,1,5
600,17,10,28560,0,3,5,2,6,4
601,17,30,34957,1,2,4,0,5
602,6,47,800000,5,6,3,1,4
603,12,66,289266,1,5,0
604,12,61,221044,3,1,0,6,5
605,0,77,100494,4,0,5,2
606,0,36,115446,5,2,3
607,42,39,23459,5,3,6,0,4,2
608,5,66,800000,2,4,6,1,3,5
609,64,25,100378,1,0,2,4
610,41,61,800000,4,5,1,0,3
611,31,61,800000,3,6,0,2
612,6,61,800000,4,2,3,5
613,63,66,800000,0,5,3,1
614,44,15,91332,3,5,1,0,2
615,2,30,657146,0,2,1,6,5,4
616,31,15,16340,1,2,6,3
617,42,36,116869,4,5,1,6,0
618,17,61,32837,5,1,4
619,42,50,548683,3,4,2,1
620,17,15,26010,4,2,5,1
621,37,39,45382,2,0,5,3,4
622,44,73,57763,0,2,3,4,6,5
623,17,61,27693,1,5,3
624,36,73,19700,3,0,1,5,2
625,17,39,32304,2,4,1,5,0
626,63,66,800000,5,2,1,0,4
627,17,47,11605,5,4,6
628,17,36,19982,4,3,0,6,1,5
629,44,10,89962,3,2,6,5
630,12,66,286493,2,6,1,0
631,44,36,129719,1,6,4,5
632,2,10,11259,4,2,6
633,41,66,800000,6,1,2,0
634,17,61,32073,5,4,2,3,0,6
635,36,73,19700,3,0,1,5,2
636,22,15,66117,2,4,0,3
637,17,47,10974,1,5,3,6,2
638,17,15,29586,0,5,1,6
639,36,50,279047,2,5,3,6,4,0
640,6,36,135967,6,4,3
641,42,25,32234,4,5,0,6,3,1
642,37,30,56380,1,4,3,5
643,22,77,21558,4,2,6,5,0
644,22,61,33278,0,2,6,4
645,47,66,800000,5,3,1
646,14,61,800000,2,1,5,4,3,0
647,5,77,138257,1,0,5,6,4,3
648,0,47,339963,2,0,5
649,41,61,800000,3,5,4,0
650,36,50,342200,5,6,2,3,1
651,37,47,11029,3,0,1,2
652,6,50,800000,0,1,2
653,6,47,800000,2,0,4,5
654,73,15,45923,3,2,1
655,44,50,350240,6,2,3
656,31,15,16712,1,3,6,4,2
657,37,77,23807,1,4,6,3,2
658,36,10,22756,0,6,4,2,3,1
659,44,47,540115,5,0,3,2,1
660,64,15,96651,3,5,1,6,4
661,73,61,38440,6,4,5,3
662,31,37,14175,6,0,1,2,5
663,44,66,687004,6,0,1
664,2,25,11819,2,4,6,5,1
665,42,61,800000,0,4,5
666,2,10,11230,4,3,6,2,1,0
667,31,66,800000,1,4,6,0
668,42,47,685306,0,2,4,3
669,22,36,24978,1,2,6
670,17,77,24038,3,2,6,0,4
671,73,25,52592,5,0,3,6
672,47,25,12778,2,6,1,5
673,31,10,17261,3,6,1,5,2,4
674,14,77,133233,6,1,3
675,64,10,96867,3,4,6,5,2,1
676,44,39,39747,2,0,6,1,4
677,36,61,321280,1,4,6
678,37,39,41153,4,0,3
679,12,61,327048,1,0,6,5,2,3
680,42,39,23459,5,3,6,0,4,2
681,12,66,286493,2,6,1,0
682,17,10,30206,2,4,5,0
683,44,25,72997,1,6,0,5
684,44,30,800000,3,1,0,2
685,17,10,28561,1,3,4,2
686,37,73,52394,3,4,1,2,6,5
687,37,73,52394,3,4,1,2,6,5
688,17,36,22330,6,1,5,0,4,2
689,44,25,76286,1,6,4,2
690,2,73,10147,4,6,0,5
691,0,36,115446,5,2,3
692,17,36,22330,6,1,5,0,4,2
693,44,10,99240,5,0,4,6,1,3
694,73,77,21666,3,5,6,2,4
695,47,66,800000,0,6,4,3,2
696,22,37,64441,5,0,6
697,36,10,22756,0,6,4,2,3,1
698,44,73,57830,5,0,4,3,1,6
699,17,25,30025,2,3,4,0
700,41,66,800000,6,1,2,0
701,73,25,52592,5,0,3,6
702,47,15,12916,5,1,6,4,3,2
703,42,50,580135,5,3,0
704,2,47,800000,0,4,5,1,2
705,6,36,135967,6,4,3
706,12,66,251310,6,1,0
707,22,25,73779,1,0,5,4,2
708,41,50,800000,4,5,3,2,6
709,36,15,16878,3,6,0,5,4,1
710,37,15,57407,5,3,4,2,1
711,47,73,11849,1,3,5,0,2
712,0,50,380887,1,0,2
713,42,37,25087,2,4,1
714,42,25,32234,4,5,0,6,3,1
715,12,30,296899,4,5,6,2,3,0
716,64,37,63599,5,4,0,1
717,73,10,44398,1,4,6,2
718,6,30,611110,2,4,1,0
719,37,73,52394,3,4,1,2,6,5
720,0,66,466471,2,1,4,5,6,0
721,64,10,99246,0,1,3,6,2,5
722,22,73,58494,6,2,4,3,1
723,5,30,564563,6,4,1,0,2,3
724,37,36,17150,0,6,4,3
725,0,77,115617,5,0,6
726,47,30,563255,2,4,1
727,31,39,16600,0,2,5
728,2,37,10218,3,1,5,0
729,17,30,34957,1,2,4,0,5
730,22,61,33278,0,2,6,4
731,63,36,142964,4,6,1,2,3
732,14,61,800000,6,1,0,2
733,12,66,286493,2,6,1,0
734,14,47,800000,2,6,1,5,3,4
735,42,39,25214,6,0,3,5
736,6,47,800000,2,0,4,5
737,36,37,19594,0,5,4,3
738,64,37,62577,6,3,5,0,2,4
739,6,61,800000,4,1,2,0
740,44,25,76286,1,6,4,2
741,22,39,41863,0,2,4,1
742,22,47,13429,4,0,6,5,2
743,5,47,800000,4,0,1,2,3,5
744,17,77,24438,2,0,1,5,6,4
745,73,77,23710,4,3,6
746,41,30,435496,6,5,3,1
747,5,61,800000,4,6,1,2
748,17,39,35458,2,1,3
749,2,77,229981,0,3,5
750,36,15,18455,5,6,4,0,3
751,22,25,78199,6,4,1,0,2,5
752,64,39,44018,6,3,4,1,0,2
753,42,10,26763,5,1,2,6,3
754,73,30,62980,1,4,5,6
755,63,61,800000,6,1,2
756,64,10,99246,0,1,3,6,2,5
757,63,66,800000,5,2,1,0,4
758,14,66,800000,2,0,5
759,36,77,234209,2,5,0
760,44,61,800000,4,2,5,1,3
761,36,39,20167,6,5,4,3
762,41,77,125896,3,1,5
763,0,47,339963,2,0,5
764,2,37,10705,3,4,2
765,44,10,102826,4,2,5,3,6
766,2,47,800000,1,2,4,0,5,6
767,2,66,800000,2,0,1,6,3,4
768,44,73,53489,5,2,4
769,6,50,800000,1,3,5
770,0,77,100494,4,0,5,2
771,0,66,420282,6,1,0,3
772,44,77,105052,4,1,0,2,3,6
773,31,39,17594,2,1,4,6,3,0
774,2,15,11423,4,2,1,0,6
775,17,37,27117,5,4,6
776,36,37,21058,3,1,5,6
777,31,25,15007,0,4,2,3,5,1
778,31,10,17254,2,1,3,0,5,6
779,47,10,13452,0,1,2
780,17,61,27693,1,5,3
781,2,50,800000,2,4,5,6,3
782,64,37,69748,0,1,6
783,6,30,650211,1,5,2,4,0,3
784,6,61,800000,0,2,6,1,4
785,37,47,11310,5,6,0,4
786,2,73,10014,0,4,3,6
787,42,73,25335,0,5,4
788,36,37,19594,0,5,4,3
789,0,30,292608,4,3,6,5
790,47,30,563255,2,4,1
791,63,36,145434,0,3,1
792,22,15,81468,1,3,0,4,6,5
793,64,73,74824,3,5,6
794,37,25,61843,5,2,1,6
795,44,39,47881,2,4,1
796,5,77,143537,1,2,5,4
797,44,47,800000,5,3,0,6
798,37,73,43148,6,3,5,0,4,1
799,42,50,548683,3,4,2,1
800,44,36,142913,4,3,2
801,41,61,800000,3,2,4,6
802,2,47,800000,3,4,5,6,2,0
803,2,36,165888,0,3,5,4,6,1
804,44,47,771525,1,4,0
805,17,30,34957,1,2,4,0,5
806,5,66,800000,2,4,5,6,1,3
807,36,61,341730,5,4,2,0
808,44,77,105052,4,1,0,2,3,6
809,44,61,800000,5,2,1
810,5,50,800000,1,0,5
811,2,61,800000,0,5,2,1,6
812,12,25,10911,6,2,4
813,44,66,535819,4,1,2,0,5,6
814,5,36,126479,6,3,2
815,64,61,37634,5,3,0,6,4
816,36,61,341730,5,4,2,0
817,22,15,81649,3,2,6,1,0,5
818,44,66,439864,4,3,1,5,2,0
819,17,15,26010,4,2,5,1
820,64,10,99246,0,1,3,6,2,5
821,64,47,11867,2,3,5,4,6
822,64,10,103520,3,5,6,2,0,1
823,64,39,43606,5,4,6,3,1,2
824,14,50,800000,4,5,3,2,1
825,36,15,18313,1,4,5,2,6
826,22,36,22766,0,3,5,1
827,2,10,11259,4,2,6
828,42,50,416721,1,2,3
829,44,10,99240,5,0,4,6,1,3
830,17,30,34957,1,2,4,0,5
831,2,50,784779,4,5,0,6
832,6,61,800000,0,2,6,1,4
833,44,61,800000,4,2,6,1,5,0
834,42,25,24151,6,1,2,0,3
835,17,77,24038,3,2,6,0,4
836,63,30,555617,3,5,2,4,1
837,6,36,135967,6,4,3
838,12,25,10911,6,2,4
839,17,10,28561,1,3,4,2
840,6,30,611110,2,4,1,0
841,63,30,555617,3,5,2,4,1
842,42,15,27083,2,3,1
843,44,77,111240,0,1,6
844,64,10,92554,5,0,2,3,4
845,0,66,356873,5,6,0
846,42,47,685306,0,2,4,3
847,17,73,27801,6,5,3,2,0,1
848,12,30,258301,3,4,2,6,1,0
849,22,30,75808,2,4,5,1,6
850,47,39,14353,0,6,1
851,63,50,800000,5,3,6,1,4
852,6,47,800000,2,0,4,5
853,42,66,609283,6,3,0,4,2
854,63,47,800000,5,2,1
855,17,10,30206,2,4,5,0
856,73,77,22969,0,5,6
857,31,15,16438,6,2,1,4,0,5
858,22,73,65194,6,1,4,2
859,12,47,363645,1,2,6,5,0
860,47,25,12778,2,6,1,5
861,41,50,800000,4,5,3,2,6
862,31,37,15666,2,3,5,1,4,0
863,0,47,396719,2,4,1,5,0
864,17,39,35458,2,1,3
865,37,10,67364,0,2,5,4,6
866,63,30,555617,3,5,2,4,1
867,12,30,243568,0,4,1,5,2,6
868,6,30,578147,3,2,5,4,0
869,0,66,460691,1,4,5,3,2,6
870,64,37,63599,5,4,0,1
871,42,36,112643,6,3,1,4
872,14,50,800000,5,2,4
873,0,47,396719,2,4,1,5,0
874,37,36,16765,3,4,0,5
875,47,73,11992,5,2,1,0,4,6
876,63,47,800000,5,2,1
877,31,37,14965,5,4,1
878,36,25,19578,5,6,3,4,2
879,17,47,10974,1,5,3,6,2
880,31,37,14175,6,0,1,2,5
881,5,50,800000,1,0,5
882,73,37,44115,4,2,3,1,0
883,6,36,110610,5,2,3
884,44,36,142913,4,3,2
885,17,36,19982,4,3,0,6,1,5
886,37,77,23807,1,4,6,3,2
887,37,73,43720,0,2,4,1,5
888,42,39,25214,6,0,3,5
889,47,15,12655,0,6,1,4
890,42,61,800000,0,4,5,3,2
891,5,77,143537,1,2,5,4
892,47,73,12656,4,1,0,3,6,5
893,22,77,21555,0,1,5,4,6
894,2,39,11757,0,3,5
895,73,77,21666,3,5,6,2,4
896,22,61,33278,0,2,6,4
897,44,77,111240,0,1,6
898,36,61,351499,0,3,2,6,1,4
899,47,39,14322,1,5,3,0,4
900,41,36,149617,1,5,2,3,4,6
901,0,47,339963,2,0,5
902,14,61,800000,3,4,1,2,5,0
903,17,39,35458,2,1,3
904,63,61,800000,0,4,5,3,6,1
905,22,47,13429,4,0,6,5,2
906,44,66,535819,4,1,2,0,5,6
907,44,37,66747,1,4,0,6,2,5
908,6,77,150196,6,3,1,0,2,5
909,31,10,16016,1,6,4,2,3,0
910,64,47,11775,2,0,5,4
911,36,30,243295,2,3,1
912,37,47,11029,3,0,1,2
913,42,73,25340,5,3,4,2
914,17,30,31475,4,6,0,5
915,64,77,23709,1,2,5,4,3,0
916,12,47,318672,3,4,0,2,1,5
917,37,73,43148,6,3,5,0,4,1
918,73,36,17448,1,2,4
919,37,25,63717,0,2,3,5,4,6
920,14,36,117014,0,1,4,6
921,63,61,800000,0,4,5,3,6,1
922,17,37,31858,0,6,2,1,3,5
923,12,50,253592,2,6,1,4,5,0
924,63,77,164051,6,5,3
925,44,47,540115,5,0,3,2,1
926,63,66,800000,5,2,1,0,4
927,37,77,21619,1,4,5,6,2,0
928,36,15,18313,1,4,5,2,6
929,22,39,41863,0,2,4,1
930,31,50,800000,1,3,0,6,4
931,63,77,171211,1,5,2,4,6,0
932,64,47,11867,2,3,5,4,6
933,2,61,800000,1,3,5,0
934,5,47,800000,5,4,1,0
935,42,47,725992,3,0,4,1
936,22,15,83993,0,6,2,1
937,22,30,75808,2,4,5,1,6
938,47,77,203525,2,3,4,1,0
939,41,77,125896,3,1,5
940,17,36,22030,4,0,5,2
941,22,47,13228,1,6,3,0,4
942,64,73,74824,3,5,6
943,22,61,36777,3,1,4,6,0,5
944,36,10,22756,0,6,4,2,3,1
945,31,61,800000,2,3,6,5,0,4
946,42,30,800000,0,2,4,5,3,1
947,64,36,17251,0,1,6,2,3,5
948,42,36,116869,4,5,1,6,0
949,0,47,396719,2,4,1,5,0
950,22,36,22766,0,3,5,1
951,22,37,60419,0,2,5,4,6,3
952,36,10,22756,0,6,4,2,3,1
953,73,77,21666,3,5,6,2,4
954,73,36,16833,2,5,3,6
955,42,73,25335,0,5,4
956,41,61,800000,4,5,1,0,3
957,6,36,110610,5,2,3
958,63,47,800000,0,6,4,3
959,17,36,19982,4,3,0,6,1,5
960,63,66,800000,5,2,1,0,4
961,31,73,14317,0,3,5,6,1
962,64,25,124930,2,5,3
963,22,47,10955,5,0,4,1
964,42,50,378020,0,4,2,1
965,47,77,203525,2,3,4,1,0
966,12,61,327048,1,0,6,5,2,3
967,42,47,786328,3,2,1,0
968,12,77,140993,6,1,3
969,73,15,50111,2,4,1,6
970,36,66,278972,6,3,2
971,12,66,286493,2,6,1,0
972,5,77,138257,1,0,5,6,4,3
973,2,47,800000,1,2,4,0,5,6
974,63,30,800000,2,4,1,5
975,37,39,41153,4,0,3
976,41,30,417693,5,6,1,0,2,3
977,36,77,189466,3,1,4,2,0
978,47,50,800000,6,2,1
979,22,47,13228,1,6,3,0,4
980,2,73,10014,0,4,3,6
981,37,47,11895,2,6,0,3,4
982,0,30,467894,0,6,1,2,5
983,36,61,321280,1,4,6
984,42,77,128695,1,0,6
985,2,37,10218,3,1,5,0
986,47,61,800000,6,3,2
987,37,10,65018,1,4,0,2,3,5
988,63,50,800000,6,1,2,5,0
989,44,50,448932,4,0,2,5
990,12,25,10911,6,2,4
991,63,77,164051,6,5,3
992,64,37,69748,0,1,6
993,2,10,11235,2,6,0,5
994,44,37,69493,2,4,5,3,6
995,22,39,41863,0,2,4,1
996,22,10,86168,2,4,1
997,64,36,16270,3,5,2
998,47,77,200679,6,0,5,4
999,5,50,800000,1,6,2
1000,37,39,41750,6,3,0,4,2,1
1001,31,10,17261,3,6,1,5,2,4
1002,0,66,356873,5,6,0
1003,63,61,800000,6,0,1
1004,42,47,725992,3,0,4,1
1005,6,61,800000,0,2,5
1006,2,37,11242,5,4,2
1007,44,77,111240,0,1,6
1008,22,61,33278,0,2,6,4
1009,47,30,800000,0,2,1,6
1010,6,36,138165,1,6,3,0
1011,42,77,128695,1,0,6
1012,5,77,138257,1,0,5,6,4,3
1013,36,61,327640,3,5,4
1014,47,25,13080,2,3,1,0,5,6
1015,73,10,66135,2,0,6,4
1016,73,30,54538,6,0,1,5,3
1017,12,47,363645,1,2,6,5,0
1018,47,25,13080,2,3,1,0,5,6
1019,22,30,91414,5,4,2,1,3,0
1020,17,47,10974,1,5,3,6,2
1021,31,47,800000,4,6,3,0
1022,47,10,14281,0,4,1,6
1023,22,10,86168,2,4,1
1024,37,25,63717,0,2,3,5,4,6
1025,6,47,800000,2,0,4,5
1026,22,47,11440,3,6,5,2,1
1027,42,66,609283,6,3,0,4,2
1028,6,61,800000,0,2,6,1,4
1029,17,30,33900,5,0,3
1030,64,36,16270,3,5,2
1031,42,30,800000,5,6,3
1032,2,73,10014,0,4,3,6
1033,17,37,31791,0,1,2,6,3
1034,14,47,800000,4,6,1,0,3,5
1035,6,30,578147,3,2,5,4,0
1036,36,39,19594,6,5,2,4,1
1037,14,50,800000,4,0,2,1,6
1038,12,30,188585,4,1,6,0
1039,44,66,439864,4,3,1,5,2,0
1040,63,36,158580,6,1,0
1041,42,25,28435,5,3,6,2,1
1042,47,25,14065,5,3,1,6,0
1043,17,61,32073,5,4,2,3,0,6
1044,6,50,800000,0,1,2
1045,37,10,53917,5,4,6,0,1
1046,64,77,23238,2,0,4
1047,64,77,23238,2,0,4
1048,44,39,48065,1,3,2,0
1049,64,47,11775,2,0,5,4
1050,12,66,251310,6,1,0
1051,17,30,33900,5,0,3
1052,41,77,108942,0,3,6,1,5
1053,14,47,800000,2,6,1,5,3,4
1054,37,25,60350,5,3,1,0
1055,2,47,800000,6,4,5,3
1056,17,73,30918,5,0,1
1057,6,61,800000,0,2,6,1,4
1058,12,25,10911,6,2,4
1059,31,77,236120,3,0,2
1060,73,36,18516,2,3,1,5,0,6
1061,36,37,19942,0,4,2,3,5
1062,36,25,17972,4,0,5
1063,2,37,10218,3,1,5,0
1064,2,77,189466,1,6,4,5,2
1065,0,61,419961,3,6,0
1066,47,39,14322,1,5,3,0,4
1067,44,47,771525,1,4,0
1068,0,61,462732,2,5,0,1,6,3
1069,0,77,99325,1,5,4,2,6
1070,36,10,20014,1,5,0,2,4,6
1071,6,77,150196,6,3,1,0,2,5
1072,73,30,60595,4,1,0,6
1073,31,50,800000,3,1,4
1074,64,25,115583,5,6,4,1,0,2
1075,5,61,800000,2,5,6,0
1076,0,47,472836,5,2,1,0
1077,64,39,44018,6,3,4,1,0,2
1078,17,77,24438,2,0,1,5,6,4
1079,42,66,609283,6,3,0,4,2
1080,44,25,83556,6,1,3,0
1081,0,50,329093,4,5,0
1082,41,50,800000,6,0,2
1083,6,47,800000,2,0,4,5
1084,14,50,800000,5,2,4
1085,42,36,96771,0,4,6,1,3,5
1086,47,39,13928,5,3,1,0,4,2
1087,31,36,176413,0,6,3,1
1088,12,36,198383,1,6,3,4,5
1089,64,77,20162,4,5,0,2,6,3
1090,17,77,24294,3,6,1,2,0,4
1091,37,77,25143,6,3,0,4,2,1
1092,22,10,84701,4,0,6,3,1,2
1093,42,15,27083,2,3,1
1094,6,66,800000,6,0,4,3
1095,36,77,186107,0,2,1,3
1096,63,66,800000,3,6,0,2
1097,17,37,33768,2,6,3,0
1098,37,47,12115,6,1,5,0,2,3
1099,31,77,236120,3,0,2
1100,64,30,105344,0,4,2,6,5,3
1101,12,30,243568,0,4,1,5,2,6
1102,63,36,142964,4,6,1,2,3
1103,63,50,800000,6,1,2,5,0
1104,2,30,643091,3,1,0,4,6,5
1105,73,36,17448,1,2,4
1106,63,50,800000,6,1,2,5,0
1107,47,25,14065,5,3,1,6,0
1108,2,39,10880,5,3,6,4,2
1109,42,36,96771,0,4,6,1,3,5
1110,42,10,31702,2,0,1,5
1111,31,15,16438,6,2,1,4,0,5
1112,5,50,800000,5,6,2,1,4
1113,64,15,109086,1,0,4,2
1114,22,10,73835,4,6,0
1115,2,37,10968,6,3,1,0
1116,44,66,687004,6,0,1
1117,17,15,27926,2,0,6
1118,73,30,60595,4,1,0,6
1119,41,36,149617,1,5,2,3,4,6
1120,2,47,800000,1,2,4,0,5,6
1121,12,77,165426,3,4,0,5,1,6
1122,17,30,34957,1,2,4,0,5
1123,6,66,800000,4,1,6,2,0
1124,2,73,10014,0,4,3,6
1125,17,39,35430,6,3,0,5,1,4
1126,14,50,800000,5,2,4
