0,1,66,800000,5,6,1,3,0,2
1,45,50,200540,3,4,5,6,1
2,50,64,800000,2,5,4,1
3,50,39,59935,2,0,5,3
4,1,65,10214,2,3,4,5
5,3,42,204042,0,3,6,4
6,0,42,99041,4,5,6
7,25,73,25745,0,1,6
8,16,61,451257,1,3,0,5,4
9,22,65,30912,0,1,5,4,2,6
10,40,66,166266,3,0,5,1
11,77,66,385719,6,0,3,2,4
12,31,19,35385,3,0,2,4
13,45,50,213218,3,6,1,4
14,62,42,67035,0,1,2,3,5,4
15,26,34,17484,4,1,0,2
16,65,19,35548,1,3,0,6
17,3,13,116224,5,6,0,4,3
18,77,13,582812,3,2,0
19,15,17,23867,6,3,1
20,31,62,75631,4,0,6
21,0,61,123557,6,2,4,1
22,15,73,19971,3,4,0,6
23,16,64,375563,4,5,2,1,6,3
24,31,39,47212,0,4,1,5,2
25,6,42,665053,4,1,2
26,65,64,12611,2,6,1,4,0
27,6,66,800000,4,1,3,6,2
28,45,19,15875,3,2,6,4,1,5
29,16,66,131729,5,1,3
30,77,61,800000,4,2,5,6,0,3
31,63,39,56730,4,5,1,0,2,6
32,16,19,32303,6,1,2,3
33,65,34,33112,5,1,0
34,1,13,800000,0,6,3
35,22,62,59476,0,1,2,5,6
36,23,64,304388,5,4,2
37,40,50,194403,4,5,3,0
38,6,62,65061,3,1,6
39,31,66,131458,2,5,6,1,3
40,2,65,19773,5,1,4,2
41,40,65,16455,6,3,2,5
42,3,20,253622,1,2,6,0
43,65,61,19638,3,6,2
44,3,50,187762,4,6,0,1
45,22,19,33616,6,4,0,3,1,5
46,6,50,800000,5,0,6,4,3,1
47,40,65,15691,4,3,2,6,0
48,63,50,800000,6,3,4
49,22,50,677101,4,2,0,6,3,1
50,45,61,425042,3,6,5
51,77,61,800000,4,5,2
52,50,13,800000,0,1,5
53,77,17,13289,6,1,2
54,31,15,33913,5,1,6,2
55,31,65,24176,4,5,2,1,3,6
56,16,50,213301,4,6,3,0,5
57,2,13,505389,2,4,5,6
58,77,50,770604,1,6,5,3,0
59,65,17,18694,2,3,0
60,73,65,25488,5,2,1,3,0
61,22,64,504569,4,5,0,1,2
62,23,66,203385,6,3,1
63,26,73,15432,6,3,0
64,73,64,14112,2,0,1,5
65,23,19,15750,5,1,4,3
66,6,66,800000,5,2,1
67,25,34,52627,2,1,0,3
68,50,64,800000,6,1,4,3,5
69,6,61,800000,5,4,0,6,3,1
70,1,42,456687,3,6,2
71,40,20,355017,1,6,4,3,0
72,77,62,61109,1,4,2,3,0,5
73,23,64,342938,4,0,6,1
74,54,15,39067,0,1,4,3,2
75,25,61,20153,2,6,3,4,1,0
76,23,17,18714,3,5,6,1
77,45,39,39689,5,6,1
78,1,34,10083,1,2,6,0,5
79,54,15,31930,0,1,6
80,22,65,27692,1,3,0
81,40,62,66469,3,6,2,5,4
82,50,42,550246,3,5,6,1
83,16,20,358150,4,0,3,1,5
84,1,13,800000,0,6,3
85,73,65,25488,5,2,1,3,0
86,73,19,28626,4,3,6
87,6,20,800000,2,3,1
88,1,50,800000,5,2,4
89,16,61,442152,2,0,1,3
90,16,64,287254,2,6,3
91,54,15,31930,0,1,6
92,40,66,106094,6,3,1,5,0
93,31,50,203916,5,0,4,1,3
94,16,15,47207,1,4,6,5,0,2
95,0,13,86852,6,1,0,5,3
96,45,73,15027,1,0,5,6
97,73,34,25169,5,1,0
98,25,20,11304,3,4,0
99,23,65,20048,0,3,4
100,23,62,74256,4,2,1,5,0
101,62,61,86594,5,2,0,6,3
102,2,20,757286,6,1,3,0
103,23,50,251659,6,5,3,1,0,4
104,62,50,71863,1,4,6
105,16,15,50153,0,2,1
106,50,61,800000,6,0,1,5,3
107,3,13,116224,5,6,0,4,3
108,77,13,527018,1,2,3,5,0,6
109,22,20,465570,6,2,5,0,4
110,16,13,109229,3,1,6,0
111,62,64,75101,1,3,0,5,4
112,6,50,800000,0,2,3
113,23,20,280042,0,5,2,1,4,3
114,1,64,800000,4,1,2,6,5,3
115,3,34,10409,0,4,2
116,73,64,15018,2,1,6
117,54,15,31930,0,1,6
118,16,34,50488,1,0,2,6,3
119,2,42,350305,0,2,3
120,45,64,534655,6,3,4,1,2
121,23,61,492481,0,3,4,5,1,6
122,73,17,23348,5,1,3,4,0
123,65,64,12743,2,3,0,1,4
124,2,73,23430,0,1,3,2,6
125,65,34,36059,1,5,6,4,0,2
126,40,17,16685,2,0,6,5
127,31,62,95371,6,1,5,4,2
128,63,64,800000,5,6,0
129,54,64,12416,1,2,0,5
130,16,39,57419,1,5,3,6,2
131,31,61,460024,0,4,5,2,3
132,15,34,43112,0,5,4
133,15,17,22963,4,1,2
134,26,20,12054,3,1,0,2
135,22,19,36429,1,0,5
136,0,39,45481,6,1,2
137,54,73,28887,2,6,4,0
138,15,61,18068,0,5,3
139,65,64,12743,2,3,0,1,4
140,23,50,218422,6,0,3,2,1
141,16,34,41950,3,0,5,1,2
142,73,34,27811,1,6,0
143,23,66,203385,6,3,1
144,3,61,264497,2,0,6,5,3
145,2,19,19594,2,5,1,6
146,65,61,19658,1,6,5
147,54,73,31032,1,5,0,6,4,3
148,3,19,11127,3,0,6,4,2,5
149,16,62,91218,5,6,4
150,2,61,800000,0,3,6
151,45,65,13436,4,3,6
152,31,13,90653,2,6,3,5,4,0
153,45,65,11745,5,3,0,4
154,63,20,800000,4,5,6,3,0,2
155,77,15,13812,2,4,3,6,5,0
156,26,15,17050,1,5,4,2
157,65,15,39739,2,4,5,1,3
158,54,15,31930,0,1,6
159,25,20,10072,0,6,2,5,4,3
160,31,17,23993,1,3,0
161,40,15,14420,4,6,1
162,15,61,22084,5,6,4,2
163,62,66,70432,6,2,1,0
164,23,19,17152,0,1,2,3,5,4
165,22,19,36429,1,0,5
166,62,42,65264,0,3,1,5
167,16,62,87807,0,4,5
168,65,15,39739,2,4,5,1,3
169,25,15,44558,6,4,3,5,2,1
170,2,65,25110,4,2,6,0
171,63,42,464345,5,6,4
172,16,62,87524,4,2,3,0,1,6
173,54,61,23274,2,3,6,1
174,77,15,13143,4,1,3,0
175,77,34,12661,3,2,5,0
176,40,62,66469,3,6,2,5,4
177,15,20,10356,0,2,4,3
178,62,66,70432,6,2,1,0
179,40,19,15554,3,0,1,2,5
180,77,19,13221,6,0,5,1,2,3
181,26,65,16082,3,0,2,4,1,6
182,31,20,270896,1,2,4
183,16,42,164979,6,4,1,0
184,6,42,462711,3,5,6,1
185,16,15,37930,1,2,3,5
186,2,15,22039,3,6,1,2
187,23,65,20048,0,3,4
188,16,34,50488,1,0,2,6,3
189,45,19,15875,3,2,6,4,1,5
190,22,15,31980,2,3,0,5,1
191,77,20,800000,5,6,3,4,2,1
192,54,20,13030,1,4,6,2,3
193,45,65,14038,6,1,4,5
194,3,64,242522,4,1,3
195,63,61,800000,3,1,0,2
196,26,65,18326,0,5,2
197,63,61,800000,3,1,0,2
198,25,64,13640,0,3,2,4,6,1
199,77,39,46267,6,1,3
200,26,15,17050,1,5,4,2
201,73,17,23348,5,1,3,4,0
202,65,15,40227,3,2,0,6,4,5
203,45,50,233602,6,4,1
204,50,61,800000,5,6,1
205,6,64,800000,2,3,0,5,6,4
206,22,66,585272,6,0,5,3
207,16,15,47207,1,4,6,5,0,2
208,45,17,14253,2,0,5,3,6
209,2,15,22788,6,3,2,0,5
210,3,13,94342,3,0,4,2,1,5
211,0,20,121369,6,5,0,1
212,22,50,558825,6,5,3
213,62,20,61718,1,4,3
214,25,73,25953,4,3,2,0,1,5
215,2,50,800000,0,1,3,2,6
216,63,39,55556,5,0,2,3
217,31,62,93282,2,0,5,4,1
218,54,17,27679,4,5,1,3,6
219,62,66,57773,2,1,6,4
220,25,34,44254,5,3,0,1,6,4
221,6,62,59186,3,4,6,0
222,25,17,22885,0,4,3,6,1,5
223,65,64,12611,2,6,1,4,0
224,16,65,41560,5,6,0,3,2,4
225,50,39,54702,6,0,2
226,2,39,49849,3,1,6,5,4
227,2,15,22256,3,6,5,1,2
228,40,62,62289,3,4,6,2
229,2,61,800000,0,3,4,1,2
230,62,66,70432,6,2,1,0
231,45,15,15410,2,6,3
232,23,64,304388,5,4,2
233,16,42,179668,5,6,4,0,3
234,26,64,14773,6,0,3
235,63,20,800000,6,4,0,2,1
236,31,19,32344,6,5,3,4,0,2
237,0,61,130082,2,4,5,1,6,3
238,62,42,67035,0,1,2,3,5,4
239,3,34,10409,0,4,2
240,63,64,800000,3,0,6,4
241,63,64,800000,2,1,4,6
242,63,62,52648,4,1,6
243,25,61,18950,3,5,4,0,1,6
244,54,15,39067,0,1,4,3,2
245,3,65,10047,4,6,2,3,1
246,31,65,24176,4,5,2,1,3,6
247,63,50,800000,6,3,4
248,23,64,349269,3,0,5,2,4,1
249,0,13,89787,6,5,3,1,4
250,77,62,69319,3,5,4,0,6
251,54,34,32587,5,6,2,3,0,4
252,26,17,15027,1,6,2,3,4,0
253,15,17,22963,4,1,2
254,16,15,50153,0,2,1
255,45,13,89340,1,5,4,2,6
256,77,17,13289,6,1,2
257,45,15,15410,2,6,3
258,31,64,289336,5,3,4
259,6,50,800000,2,6,3,4
260,16,66,131729,5,1,3
261,40,39,49951,3,6,1,5,2,0
262,40,39,37763,5,2,6,3,0
263,40,17,16685,2,0,6,5
264,31,42,127436,0,2,6,1
265,25,20,11717,4,0,6,2,3,5
266,3,20,253622,1,2,6,0
267,16,64,375563,4,5,2,1,6,3
268,25,34,44254,5,3,0,1,6,4
269,26,34,17610,3,1,6,5
270,15,64,13536,1,5,6
271,73,15,27060,3,2,4,1,6,5
272,2,66,598831,3,6,4,5,0,2
273,16,65,39668,2,5,4,6,3,1
274,23,20,371694,4,3,6,2,5,1
275,25,15,44558,6,4,3,5,2,1
276,45,15,14099,1,5,6
277,65,73,24493,3,4,1,2,5,0
278,22,65,27692,1,3,0
279,26,19,16879,4,0,5
280,2,50,549641,0,5,2,4,6
281,1,66,800000,6,5,0,2,1
282,16,34,41950,3,0,5,1,2
283,1,50,800000,0,5,6,1,2,4
284,77,62,73998,4,1,2
285,45,64,505500,2,6,4,0,5,1
286,0,64,98057,2,1,4,6,3,0
287,26,17,15027,1,6,2,3,4,0
288,22,13,500583,6,5,2,0,1
289,6,50,800000,5,0,6,4,3,1
290,45,62,56007,1,0,4,3,2,6
291,77,15,13285,5,0,1,6
292,40,42,206176,0,4,5
293,50,66,800000,0,4,2,3,1
294,31,73,23195,0,3,2,5,4,1
295,0,39,45823,4,2,3,6
296,23,64,304388,5,4,2
297,22,19,32218,3,1,6,4
298,31,39,48693,4,1,3,2,6
299,0,61,130082,2,4,5,1,6,3
300,16,20,358150,4,0,3,1,5
301,22,50,514105,0,5,4,6,3
302,3,15,10803,6,5,0
303,3,61,268162,5,0,4
304,26,34,17484,4,1,0,2
305,50,20,800000,3,4,2
306,22,19,36429,1,0,5
307,40,34,15692,4,5,6,0,1
308,45,15,15410,2,6,3
309,16,66,125580,1,3,4,0,2
310,77,62,61109,1,4,2,3,0,5
311,0,20,148040,5,0,4,2,3
312,1,64,800000,0,4,1,2,3,6
313,26,61,14695,3,0,4,1,2,6
314,6,62,65061,3,1,6
315,23,13,117965,2,5,4,0,6,3
316,26,15,17534,0,4,5
317,50,39,54702,6,0,2
318,62,50,57936,2,6,3,4
319,25,73,25953,4,3,2,0,1,5
320,77,65,12506,0,2,4
321,31,17,23993,1,3,0
322,1,62,62728,1,5,6,4,2
323,25,15,44558,6,4,3,5,2,1
324,25,65,32459,2,5,4
325,31,17,24025,3,1,0
326,45,15,14099,1,5,6
327,40,73,12586,2,4,1,5,0
328,16,34,50154,1,4,0,6,3
329,50,64,485505,2,5,4,0,1,6
330,3,61,268162,5,0,4
331,65,34,36059,1,5,6,4,0,2
332,40,20,355017,1,6,4,3,0
333,62,61,67119,4,3,5,1,2
334,23,42,220389,5,4,1
335,62,50,65512,5,6,4,2,1,0
336,25,64,12791,3,2,0
337,23,62,74256,4,2,1,5,0
338,22,17,24420,3,2,0,6,4
339,0,66,129558,2,6,5
340,65,15,39805,3,0,5
341,40,64,459201,2,3,1,6,5
342,73,15,27083,3,1,4,6
343,22,42,93118,5,2,6,0
344,16,19,32303,6,1,2,3
345,23,39,46279,1,5,2,4,3,6
346,62,20,88704,3,6,1
347,40,73,12586,2,4,1,5,0
348,26,39,10151,6,3,0
349,16,39,42018,1,5,3,0,6
350,22,17,24420,3,2,0,6,4
351,45,34,14719,1,0,4,3
352,1,15,11181,6,0,2,1
353,63,42,464345,5,6,4
354,23,62,67897,1,0,2,3
355,31,19,39361,5,2,4,3,1
356,62,20,73865,1,5,4
357,65,34,42012,5,4,0,1
358,22,42,88371,6,0,3,1,2
359,31,62,93282,2,0,5,4,1
360,3,39,46641,2,6,0,4
361,62,61,90724,4,0,6,3
362,2,62,77351,2,1,4
363,22,42,88371,6,0,3,1,2
364,31,13,95847,5,1,6
365,45,64,534655,6,3,4,1,2
366,23,17,18714,3,5,6,1
367,65,19,36237,4,2,1,5,0,6
368,16,15,46744,1,3,6,5
369,40,13,84258,1,3,4,6
370,3,61,264497,2,0,6,5,3
371,23,20,280042,0,5,2,1,4,3
372,6,61,800000,5,4,0,6,3,1
373,0,39,45481,6,1,2
374,6,39,58944,3,2,5,6,4,1
375,2,13,505389,2,4,5,6
376,40,64,459201,2,3,1,6,5
377,16,64,378337,6,2,1
378,62,64,78219,1,2,6,0,5
379,50,13,800000,2,1,4,0,5,3
380,16,65,32704,4,2,6,5
381,31,15,43624,5,0,1,4,2
382,0,66,105786,0,5,3,6,4
383,16,73,28215,4,3,1
384,15,61,18068,0,5,3
385,15,61,18068,0,5,3
386,22,15,27483,3,4,1
387,0,64,127933,6,1,3,0,2
388,16,65,33925,5,6,2,1,4,3
389,15,20,11370,2,0,6,1,4,5
390,22,17,24688,0,6,3,2,5,4
391,6,50,800000,2,6,3,4
392,3,20,245909,3,4,5,1,2,0
393,77,42,526495,5,3,1,4,6,2
394,77,50,770604,1,6,5,3,0
395,45,17,14253,2,0,5,3,6
396,62,66,66500,1,6,5,2,0,4
397,6,64,800000,6,4,1,2,5
398,31,62,58627,0,6,3,1,2,4
