0,15,19,10081440,0,5,4
1,12,15,1060048,0,6,5,4
2,13,15,3382071,1,3,0,2,4
3,14,20,1180626,1,2,3,5,0
4,14,20,4747554,4,3,2,6,5
5,10,15,6394862,3,1,6,4,2
6,6,16,21022180,6,5,1
7,15,19,5957353,5,4,3
8,14,16,3644755,4,3,1
9,10,14,812773,3,2,5,0,6,1
10,4,15,9500472,0,1,6
11,6,20,2937439,4,0,5,6,2,1
12,15,19,5954096,4,1,0
13,4,13,1390235,4,0,2,1,6,3
14,12,14,1045590,6,4,0,3
15,6,8,11133208,0,6,3,1
16,12,16,5067296,2,0,3,1,4,6
17,14,15,3720795,5,0,4,6
18,10,14,979170,0,5,1,2,3
19,11,15,4328803,6,1,0
20,6,13,4694434,4,3,0,6,2,1
21,4,13,1390235,4,0,2,1,6,3
22,14,20,3499136,1,2,3,4,6
23,11,16,1719433,2,0,3,1
24,9,15,5353702,0,1,4,2,6,3
25,14,19,2770618,3,2,1,4
26,15,17,6578460,0,3,4,5,6
27,6,20,3228995,3,1,6
28,12,17,5862850,1,0,2,4
29,7,15,1304164,1,4,6
30,11,16,1219329,4,2,3,0,1
31,11,16,1219329,4,2,3,0,1
32,10,12,163305567,4,5,1
33,14,20,1180626,1,2,3,5,0
34,8,15,2662028,2,4,0,6,5
35,15,17,3502944,0,6,2,4,1,3
36,3,15,1976858,3,0,6,5,4
37,10,17,8595607,0,4,3
38,15,19,6181203,1,2,3
39,3,14,1067859,2,3,1,4
40,13,15,13756304,4,6,5,0
41,10,14,879888,3,0,1
42,13,14,948896,5,6,4,1,3,0
43,6,16,878901,0,6,3
44,11,12,2885196,4,5,2,0,1
45,11,12,4145669,0,5,1,4,6,2
46,12,15,4799916,2,5,6
47,15,20,18742960,5,3,2,1
48,11,16,4095855,2,0,1,6,5
49,11,20,2438364,6,2,4
50,10,14,812773,3,2,5,0,6,1
51,15,19,5957353,5,4,3
52,1,7,3388428,1,5,2,3,0
53,10,20,1762123,2,5,6,0,4
54,9,16,998622,6,4,0,2
55,4,11,815196,1,3,2,6,4
56,14,19,2770618,3,2,1,4
57,11,16,2957536,0,4,1,6,5
58,15,17,4608356,2,3,0,1
59,4,15,9500472,0,1,6
60,10,14,879888,3,0,1
61,7,15,1142854,0,6,2,4
62,12,17,5862850,1,0,2,4
63,7,15,1304164,1,4,6
64,15,19,5954096,4,1,0
65,6,15,3454630,1,0,3,5,6,2
66,11,15,7970469,0,4,3,5
67,11,13,810817,4,1,5
68,9,15,4486788,4,6,5,0,2,3
69,13,15,3382071,1,3,0,2,4
70,10,16,1059196,1,6,3,0,4,2
71,12,14,1440375,0,5,1,4,2,3
72,10,14,812773,3,2,5,0,6,1
73,14,15,4503350,3,1,0,6
74,1,10,17134316,4,3,0,6
75,5,14,1641941,4,3,5,1,0,2
76,3,14,1067859,2,3,1,4
77,5,15,3446220,3,4,6,2
78,14,19,4665192,4,3,6
79,11,16,4189120,3,1,2
80,6,8,26334480,3,0,1,2,6
81,5,6,2333342,1,4,3
82,11,19,2496601,0,5,1
83,4,8,949227,4,0,3,6,1
84,12,15,1060048,0,6,5,4
85,14,20,1180626,1,2,3,5,0
86,15,20,18742960,5,3,2,1
87,1,7,3388428,1,5,2,3,0
88,15,20,25342157,4,0,2,5,6
89,1,15,11769774,6,2,5,0,1,3
90,5,14,1641941,4,3,5,1,0,2
91,12,16,5067296,2,0,3,1,4,6
92,10,17,17022243,4,1,5
93,14,20,4595428,1,6,5
94,6,7,51468610,2,4,5,0,6
95,1,15,4179459,2,0,5,3,1,4
96,10,20,1762123,2,5,6,0,4
97,15,19,10081440,0,5,4
98,11,20,2438364,6,2,4
99,14,16,904626,3,0,2,5,1
100,14,17,4029393,3,0,2,6,5,1
101,10,12,163305567,4,5,1
102,10,17,17022243,4,1,5
103,11,15,4328803,6,1,0
104,6,16,21022180,6,5,1
105,1,7,3108988,5,2,1,0,6
106,9,12,1157334,4,6,0
107,4,15,13810050,6,2,0
108,7,19,6428818,4,5,1
109,10,17,8595607,0,4,3
110,14,19,4665192,4,3,6
111,14,17,4241803,2,3,1,0,6,5
112,8,14,1192235,1,5,6,2,4
113,9,15,9659538,6,4,2
114,4,15,5877264,0,5,3,2
115,11,15,5154285,5,4,3,1,6,2
116,15,17,7709755,3,5,2
117,9,15,7455870,4,2,1,0,5
118,14,20,4747554,4,3,2,6,5
119,13,14,948896,5,6,4,1,3,0
120,15,17,7709755,3,5,2
121,10,15,4442472,3,1,6,4,0
122,14,16,1934551,3,6,0
123,10,17,8595607,0,4,3
124,11,13,4079420,3,0,5
125,8,15,7031232,4,3,2,6,1,5
126,9,16,818198,4,6,2,1,3,5
127,7,19,2334233,6,4,5
128,10,15,4442472,3,1,6,4,0
129,6,15,5711147,5,3,0,6
130,15,19,874899,5,0,6,2,1,3
131,14,19,4449206,5,0,2
132,13,15,3382071,1,3,0,2,4
133,16,17,894974,1,5,2
134,1,15,15536635,2,4,3,1
135,5,15,4393013,4,2,6
136,15,19,14206809,3,0,6,5,1,2
137,10,13,31740447,6,3,4,5
138,4,15,5285815,5,3,4,1,6
139,11,14,1419307,4,6,3
140,1,15,2316338,6,3,2
141,4,8,949227,4,0,3,6,1
142,9,12,1157334,4,6,0
143,3,15,1717322,3,4,0,2
144,14,19,7353196,0,1,4,5
145,14,17,6732345,2,3,1,6,5,0
146,6,7,51468610,2,4,5,0,6
147,10,14,979170,0,5,1,2,3
148,15,16,9028917,2,4,0,6,1
149,6,13,2181532,4,5,2,0,1
150,11,16,1719433,2,0,3,1
151,6,8,9146089,6,1,3,5
152,11,14,1284694,0,1,4
153,13,15,837621,5,4,2,6,3,1
154,12,16,1490118,5,0,2
155,9,12,1157334,4,6,0
156,14,16,1631183,3,2,4
157,6,19,10185624,6,4,0,3,5,1
158,11,20,1170541,0,4,1,2,5,6
159,14,16,1934551,3,6,0
160,12,14,1440375,0,5,1,4,2,3
161,14,17,4029393,3,0,2,6,5,1
162,6,19,3864387,2,4,5
163,6,13,10313775,4,0,5,1,2
164,4,6,1509810,4,1,3,6
165,15,17,7709755,3,5,2
166,9,14,1468262,0,5,4
167,11,16,1219329,4,2,3,0,1
168,13,15,5019062,3,0,5,4
169,5,15,4350510,3,0,2,6
170,10,20,4609189,6,3,4,2,5
171,15,20,18742960,5,3,2,1
172,6,16,2043172,3,5,6
173,14,20,4747554,4,3,2,6,5
174,6,15,8273765,6,3,0,4,1
175,7,14,874658,5,0,6,4
176,3,15,1168878,6,3,4
177,11,19,1530665,2,3,5,4,6
178,11,16,2187347,4,5,1,2,0,3
179,1,7,3388428,1,5,2,3,0
180,11,14,3165109,3,4,6
181,6,13,1082273,3,5,1,4,0,2
182,15,17,3502944,0,6,2,4,1,3
183,14,16,3644755,4,3,1
184,6,11,4666308,5,3,2,6,0,4
185,8,15,10006275,6,5,4,2,0
186,10,20,1762123,2,5,6,0,4
187,6,13,10313775,4,0,5,1,2
188,13,15,1617533,5,2,4
189,7,16,1377177,2,6,0
190,4,11,815196,1,3,2,6,4
191,6,8,26334480,3,0,1,2,6
192,6,15,8273765,6,3,0,4,1
193,14,16,1631183,3,2,4
194,6,14,2460964,2,6,3,4
195,1,15,4179459,2,0,5,3,1,4
196,3,15,1717322,3,4,0,2
197,6,16,5501332,4,1,6,0,5,2
198,14,15,6863430,2,3,0,5
199,11,20,3004715,6,4,0,5
200,11,20,1170541,0,4,1,2,5,6
201,14,19,2770618,3,2,1,4
202,13,14,815283,3,5,1,4,0
203,13,15,837621,5,4,2,6,3,1
204,12,14,1045590,6,4,0,3
205,6,15,4116448,4,0,1,2
206,14,16,1934551,3,6,0
207,12,15,4799916,2,5,6
208,10,17,17022243,4,1,5
209,6,15,4116448,4,0,1,2
210,6,8,15583120,2,6,5
211,14,19,7353196,0,1,4,5
212,15,19,3978597,4,0,6,1
213,1,7,4285602,0,3,2,4,5,6
214,6,20,5663041,0,2,4,6,1
215,4,19,1023652,2,0,6,3,4
216,8,14,1096050,6,4,2
217,5,14,1641941,4,3,5,1,0,2
218,11,16,2187347,4,5,1,2,0,3
219,15,20,18742960,5,3,2,1
220,1,15,4179459,2,0,5,3,1,4
221,13,15,5019062,3,0,5,4
222,14,15,4503350,3,1,0,6
223,14,17,2582409,1,0,2,3,4
224,11,14,1419307,4,6,3
225,11,19,2496601,0,5,1
226,9,15,9659538,6,4,2
227,14,17,6732345,2,3,1,6,5,0
228,11,15,7905003,2,5,1,4
229,1,15,2284140,1,6,2
230,11,16,2187347,4,5,1,2,0,3
231,15,20,18742960,5,3,2,1
232,4,11,815196,1,3,2,6,4
233,6,13,2181532,4,5,2,0,1
234,6,20,5663041,0,2,4,6,1
235,6,20,2937439,4,0,5,6,2,1
236,7,15,1142854,0,6,2,4
237,6,15,17977963,4,6,1,2
238,15,16,6124172,4,5,2,6,1,3
239,15,16,9028917,2,4,0,6,1
240,11,14,1284694,0,1,4
241,12,14,1440375,0,5,1,4,2,3
242,6,19,9067239,2,5,1,6,4
243,11,16,2957536,0,4,1,6,5
244,11,19,1530665,2,3,5,4,6
245,10,15,4442472,3,1,6,4,0
246,9,13,822540,4,5,1,2,0
247,13,15,1617533,5,2,4
248,14,19,4312493,0,1,5
249,10,15,5654580,3,4,5,1,6
250,14,17,4029393,3,0,2,6,5,1
251,4,8,949227,4,0,3,6,1
252,1,15,2284140,1,6,2
253,7,15,1304164,1,4,6
254,6,13,4322382,3,1,4,6,2
255,10,14,812773,3,2,5,0,6,1
256,13,15,5527630,2,6,4
257,11,17,2616100,1,0,6,5,2,4
258,6,20,3228995,3,1,6
259,6,20,2937439,4,0,5,6,2,1
260,5,15,4350510,3,0,2,6
261,11,16,1219329,4,2,3,0,1
262,11,17,1695050,1,0,6,3,4,2
263,11,14,1419307,4,6,3
264,7,19,4488051,0,6,2,5,1,4
265,10,11,977985,2,1,6
266,15,17,3502944,0,6,2,4,1,3
267,1,7,3108988,5,2,1,0,6
268,11,20,2438364,6,2,4
269,9,15,9659538,6,4,2
270,15,19,3978597,4,0,6,1
271,6,13,10313775,4,0,5,1,2
272,10,17,2302052,1,6,2
273,16,17,894974,1,5,2
274,8,15,15951002,6,1,4
275,11,13,810817,4,1,5
276,6,15,5711147,5,3,0,6
277,15,19,10081440,0,5,4
278,8,14,1192235,1,5,6,2,4
279,10,14,879888,3,0,1
280,11,20,1170541,0,4,1,2,5,6
281,6,20,2937439,4,0,5,6,2,1
282,10,11,977985,2,1,6
283,5,15,8263371,2,6,4,5,1,3
284,15,19,5954096,4,1,0
285,6,20,2937439,4,0,5,6,2,1
286,10,20,3113753,5,3,6,2,4,0
287,10,17,17022243,4,1,5
288,10,20,1422849,2,3,5,6
289,10,15,2938013,6,1,4,2,5,0
290,1,5,1182180,1,4,6,3,0
291,6,20,7036303,4,3,5,1
292,5,6,2333342,1,4,3
293,10,19,5849629,0,4,5,1,6,3
294,15,20,25342157,4,0,2,5,6
295,11,16,4189120,3,1,2
296,5,6,2333342,1,4,3
297,3,15,1440795,2,5,1,3,6
298,15,19,10081440,0,5,4
299,6,19,3864387,2,4,5
300,10,11,977985,2,1,6
301,15,17,2996760,3,1,5,2,6
302,11,14,1284694,0,1,4
303,6,16,5501332,4,1,6,0,5,2
304,1,7,4285602,0,3,2,4,5,6
305,1,7,3108988,5,2,1,0,6
306,11,19,1245643,5,1,6
307,11,13,1613326,6,2,1,5,0,3
308,15,20,32411037,6,3,2,5,4,0
309,11,20,1203371,6,0,2,1
310,11,20,3004715,6,4,0,5
311,15,20,25342157,4,0,2,5,6
312,13,15,1797075,2,3,4,0,5
313,15,16,9028917,2,4,0,6,1
314,11,13,1613326,6,2,1,5,0,3
315,3,15,1976858,3,0,6,5,4
316,1,15,11769774,6,2,5,0,1,3
317,13,15,837621,5,4,2,6,3,1
318,14,20,4747554,4,3,2,6,5
319,6,13,1631169,5,4,6,2,3,1
320,6,8,7384842,6,1,4
321,11,15,5154285,5,4,3,1,6,2
322,12,14,1440375,0,5,1,4,2,3
323,5,6,2333342,1,4,3
324,6,16,5301783,4,5,1,6
325,9,14,1468262,0,5,4
326,4,11,815196,1,3,2,6,4
327,9,15,5353702,0,1,4,2,6,3
328,8,15,10006275,6,5,4,2,0
329,15,20,18742960,5,3,2,1
330,11,16,1219329,4,2,3,0,1
331,1,7,3765065,3,5,4,2,0
332,7,19,6428818,4,5,1
333,9,15,5353702,0,1,4,2,6,3
334,11,17,1695050,1,0,6,3,4,2
335,14,19,4665192,4,3,6
336,6,16,5301783,4,5,1,6
337,13,15,5527630,2,6,4
338,10,15,6394862,3,1,6,4,2
339,9,16,998622,6,4,0,2
340,15,16,9028917,2,4,0,6,1
341,9,15,7670213,6,5,4
342,6,8,26334480,3,0,1,2,6
343,14,17,4920487,2,4,6,3
344,10,19,5849629,0,4,5,1,6,3
345,4,8,949227,4,0,3,6,1
346,6,15,17977963,4,6,1,2
347,10,15,4442472,3,1,6,4,0
348,10,20,1762123,2,5,6,0,4
349,6,11,4666308,5,3,2,6,0,4
350,15,17,2440939,2,6,5,4,0,1
351,15,20,11730820,5,3,6,2,1,4
352,6,8,7384842,6,1,4
353,10,17,2302052,1,6,2
354,15,17,6578460,0,3,4,5,6
355,15,16,1498346,5,1,0,6
356,11,19,1530665,2,3,5,4,6
357,5,14,1641941,4,3,5,1,0,2
358,16,17,894974,1,5,2
359,6,20,5663041,0,2,4,6,1
360,5,15,3446220,3,4,6,2
361,12,14,1045590,6,4,0,3
362,11,20,1130854,5,3,2,1,0,4
363,1,15,2284140,1,6,2
364,11,14,3770268,1,4,3,6,2,0
365,12,17,5862850,1,0,2,4
366,1,20,1049818,0,5,3
367,7,16,1377177,2,6,0
368,11,12,2957306,3,6,4,5,2,0
369,7,19,3284884,4,0,5,6
370,14,15,6863430,2,3,0,5
371,9,16,818198,4,6,2,1,3,5
372,4,15,9500472,0,1,6
373,12,15,1060048,0,6,5,4
374,12,14,958995,0,5,2,4,1
375,14,15,6961711,0,6,1,3,2,5
376,14,16,1934551,3,6,0
377,10,11,977985,2,1,6
378,6,16,878901,0,6,3
379,6,13,2710420,6,4,3,1
380,13,14,815283,3,5,1,4,0
381,4,15,6299030,3,4,0
382,6,8,7384842,6,1,4
383,9,14,1468262,0,5,4
384,6,16,878901,0,6,3
385,10,13,31740447,6,3,4,5
386,14,15,6961711,0,6,1,3,2,5
387,11,13,1613326,6,2,1,5,0,3
388,10,14,979170,0,5,1,2,3
389,1,7,4285602,0,3,2,4,5,6
390,15,16,1498346,5,1,0,6
391,6,20,2937439,4,0,5,6,2,1
392,6,15,4116448,4,0,1,2
393,13,15,1797075,2,3,4,0,5
394,6,20,3228995,3,1,6
395,12,17,5862850,1,0,2,4
396,6,16,5301783,4,5,1,6
397,6,20,3446988,1,5,0,2,3,4
398,5,14,2538692,0,2,1,3
399,14,17,6732345,2,3,1,6,5,0
400,14,20,1180626,1,2,3,5,0
401,6,15,17977963,4,6,1,2
402,12,15,4799916,2,5,6
403,11,14,1284694,0,1,4
404,6,16,5501332,4,1,6,0,5,2
405,8,15,10006275,6,5,4,2,0
406,11,14,3165109,3,4,6
407,14,15,3720795,5,0,4,6
408,3,15,1168878,6,3,4
409,4,15,5285815,5,3,4,1,6
410,6,8,26334480,3,0,1,2,6
411,13,15,3382071,1,3,0,2,4
412,1,20,1049818,0,5,3
413,12,16,1490118,5,0,2
414,10,15,6394862,3,1,6,4,2
415,11,16,1719433,2,0,3,1
416,15,19,6181203,1,2,3
417,11,16,2483700,4,5,3,6,0,2
418,7,19,6428818,4,5,1
419,11,20,3004715,6,4,0,5
420,11,14,3165109,3,4,6
421,1,10,17134316,4,3,0,6
422,7,19,6428818,4,5,1
423,13,14,1138090,6,0,2,4
424,3,15,1919857,1,4,6,3,5
425,4,15,5877264,0,5,3,2
426,1,15,1248824,2,4,6,5,1
427,6,13,2710420,6,4,3,1
428,3,7,1383881,5,2,4,0,1,3
429,11,20,1130854,5,3,2,1,0,4
430,6,8,11133208,0,6,3,1
431,1,15,4179459,2,0,5,3,1,4
432,11,16,4095855,2,0,1,6,5
433,11,15,5297367,6,4,0,5
434,4,15,5877264,0,5,3,2
435,14,20,7053871,1,5,0
436,5,15,2725137,1,5,4,0,6
437,14,15,6961711,0,6,1,3,2,5
438,4,15,13810050,6,2,0
439,14,19,4449206,5,0,2
440,11,16,2187347,4,5,1,2,0,3
441,11,16,1219329,4,2,3,0,1
442,9,15,4486788,4,6,5,0,2,3
443,15,17,6042414,2,5,1,6,3,0
444,11,20,3004715,6,4,0,5
445,9,15,4486788,4,6,5,0,2,3
446,15,16,7536966,3,4,6
447,3,15,1919857,1,4,6,3,5
448,7,19,3284884,4,0,5,6
449,1,15,1248824,2,4,6,5,1
450,14,17,4920487,2,4,6,3
451,3,14,1067859,2,3,1,4
452,10,14,812773,3,2,5,0,6,1
453,6,15,4116448,4,0,1,2
454,13,15,5527630,2,6,4
455,10,15,2321921,0,4,2
456,15,19,6181203,1,2,3
457,7,19,3284884,4,0,5,6
458,6,11,3834024,2,4,1,5,0,6
459,13,15,1617533,5,2,4
460,15,19,5957353,5,4,3
461,5,15,4350510,3,0,2,6
462,15,16,1498346,5,1,0,6
463,15,20,25342157,4,0,2,5,6
464,11,20,3004715,6,4,0,5
465,9,13,822540,4,5,1,2,0
466,14,17,2582409,1,0,2,3,4
467,6,14,2460964,2,6,3,4
468,12,16,5067296,2,0,3,1,4,6
469,14,19,4312493,0,1,5
470,9,15,5353702,0,1,4,2,6,3
471,15,16,1498346,5,1,0,6
472,11,20,2438364,6,2,4
473,14,19,7353196,0,1,4,5
474,1,15,15536635,2,4,3,1
475,7,15,1142854,0,6,2,4
476,14,20,3499136,1,2,3,4,6
477,10,15,3387190,6,2,5,3
478,14,20,4595428,1,6,5
479,6,16,878901,0,6,3
480,11,12,4145669,0,5,1,4,6,2
481,13,15,13756304,4,6,5,0
482,6,15,2623610,6,5,4,0
483,14,20,3499136,1,2,3,4,6
484,15,16,9028917,2,4,0,6,1
485,4,8,949227,4,0,3,6,1
486,15,19,5957353,5,4,3
487,6,11,4666308,5,3,2,6,0,4
488,11,15,7905003,2,5,1,4
489,6,16,21022180,6,5,1
490,6,15,8273765,6,3,0,4,1
491,15,17,7709755,3,5,2
492,7,19,2334233,6,4,5
493,13,15,5019062,3,0,5,4
494,1,10,17134316,4,3,0,6
495,10,15,6394862,3,1,6,4,2
496,14,17,4241803,2,3,1,0,6,5
497,8,15,2662028,2,4,0,6,5
498,16,17,894974,1,5,2
499,15,16,9028917,2,4,0,6,1
500,10,14,979170,0,5,1,2,3
501,1,15,2316338,6,3,2
502,6,13,1082273,3,5,1,4,0,2
503,7,19,3284884,4,0,5,6
504,11,19,1530665,2,3,5,4,6
505,4,11,815196,1,3,2,6,4
506,12,15,1060048,0,6,5,4
507,6,14,2460964,2,6,3,4
508,6,8,15583120,2,6,5
509,4,15,6299030,3,4,0
510,4,8,949227,4,0,3,6,1
511,4,15,5285815,5,3,4,1,6
512,3,7,1383881,5,2,4,0,1,3
513,10,15,2321921,0,4,2
514,15,19,6181203,1,2,3
515,14,19,2770618,3,2,1,4
516,4,13,1390235,4,0,2,1,6,3
517,4,6,1509810,4,1,3,6
518,10,16,1040154,5,4,2,1
519,5,15,2430363,5,2,6,4,3
520,1,15,15536635,2,4,3,1
521,14,17,2582409,1,0,2,3,4
522,3,15,6654199,2,1,4,5,0,6
523,11,12,4145669,0,5,1,4,6,2
524,6,7,51468610,2,4,5,0,6
525,6,8,7384842,6,1,4
526,6,8,15583120,2,6,5
527,11,13,4079420,3,0,5
528,4,15,9500472,0,1,6
529,10,14,979170,0,5,1,2,3
530,15,17,2996760,3,1,5,2,6
531,7,19,3284884,4,0,5,6
532,6,11,4666308,5,3,2,6,0,4
533,11,12,3759260,0,1,5,6,2,4
534,11,20,1130854,5,3,2,1,0,4
535,6,20,3228995,3,1,6
536,11,12,3759260,0,1,5,6,2,4
537,11,13,4079420,3,0,5
538,13,15,1797075,2,3,4,0,5
539,6,8,12102480,2,5,3,6,1,4
540,10,19,5849629,0,4,5,1,6,3
541,10,20,8681289,3,2,5,0,4
542,6,20,5663041,0,2,4,6,1
543,6,11,6038026,6,1,5,3
544,11,19,1530665,2,3,5,4,6
545,14,16,1934551,3,6,0
546,8,15,10006275,6,5,4,2,0
547,10,12,1145881,5,1,0,3,4,2
548,12,15,995858,5,2,3,4,6,1
549,6,8,15583120,2,6,5
550,6,20,1880071,4,0,5,3
551,10,20,1422849,2,3,5,6
552,6,11,4666308,5,3,2,6,0,4
553,11,16,4189120,3,1,2
554,13,17,10990050,6,2,0,4
555,11,14,1419307,4,6,3
556,6,15,17977963,4,6,1,2
557,6,8,11133208,0,6,3,1
558,3,15,1440795,2,5,1,3,6
559,7,19,2334233,6,4,5
560,6,16,4288708,3,0,4
561,13,17,10990050,6,2,0,4
562,11,15,5154285,5,4,3,1,6,2
563,13,15,13756304,4,6,5,0
564,10,12,1145881,5,1,0,3,4,2
565,8,14,1096050,6,4,2
566,15,17,3502944,0,6,2,4,1,3
567,11,14,3165109,3,4,6
568,3,15,1717322,3,4,0,2
569,6,16,878901,0,6,3
570,7,15,2750939,6,3,4,2,5
571,14,15,4503350,3,1,0,6
572,3,15,1976858,3,0,6,5,4
573,6,13,4694434,4,3,0,6,2,1
574,14,20,3499136,1,2,3,4,6
575,9,15,6121331,4,5,6,3
576,10,19,5849629,0,4,5,1,6,3
577,11,19,1115921,0,5,6
578,6,13,2181532,4,5,2,0,1
579,13,15,5527630,2,6,4
580,14,19,10515141,6,2,3,4
581,9,15,7670213,6,5,4
582,10,17,17022243,4,1,5
583,14,20,7053871,1,5,0
584,10,15,5654580,3,4,5,1,6
585,9,16,998622,6,4,0,2
586,5,14,2538692,0,2,1,3
587,10,16,1059196,1,6,3,0,4,2
588,6,15,4116448,4,0,1,2
589,10,20,1762123,2,5,6,0,4
590,14,19,1850369,3,4,1,6,2,5
591,6,16,4003747,5,1,3,2
592,14,15,3942434,1,6,2,3
593,12,16,1490118,5,0,2
594,10,13,31740447,6,3,4,5
595,15,17,6042414,2,5,1,6,3,0
596,14,16,1631183,3,2,4
597,11,20,1203371,6,0,2,1
598,15,17,6042414,2,5,1,6,3,0
599,11,20,1130854,5,3,2,1,0,4
600,9,15,4486788,4,6,5,0,2,3
601,14,20,7053871,1,5,0
602,14,16,1934551,3,6,0
603,15,17,4608356,2,3,0,1
604,15,19,14206809,3,0,6,5,1,2
605,14,17,6732345,2,3,1,6,5,0
606,15,19,2688976,4,3,6,2
607,14,15,6961711,0,6,1,3,2,5
608,6,16,2043172,3,5,6
609,6,11,4666308,5,3,2,6,0,4
610,10,17,2302052,1,6,2
611,14,17,4241803,2,3,1,0,6,5
612,10,17,8595607,0,4,3
613,14,17,4241803,2,3,1,0,6,5
614,10,20,3113753,5,3,6,2,4,0
615,13,15,5019062,3,0,5,4
616,4,15,6299030,3,4,0
617,15,19,5954096,4,1,0
618,14,20,4595428,1,6,5
619,9,12,1157334,4,6,0
620,6,20,7036303,4,3,5,1
621,11,13,810817,4,1,5
622,5,15,8263371,2,6,4,5,1,3
623,6,16,2043172,3,5,6
624,11,19,1245643,5,1,6
625,15,17,7709755,3,5,2
626,14,19,6196808,4,5,6,1,2,0
627,6,20,3446988,1,5,0,2,3,4
628,6,11,4666308,5,3,2,6,0,4
629,13,15,1797075,2,3,4,0,5
630,6,15,17977963,4,6,1,2
631,8,15,7031232,4,3,2,6,1,5
632,6,7,51468610,2,4,5,0,6
633,14,15,9983590,3,6,2
634,14,17,2582409,1,0,2,3,4
635,6,13,1631169,5,4,6,2,3,1
636,11,16,2957536,0,4,1,6,5
637,4,15,5285815,5,3,4,1,6
638,4,19,1023652,2,0,6,3,4
639,5,15,4393013,4,2,6
640,13,14,816490,1,5,0,2,4
641,10,20,2513649,2,0,1,3
642,6,15,2623610,6,5,4,0
643,6,20,2937439,4,0,5,6,2,1
644,15,19,874899,5,0,6,2,1,3
645,7,19,6428818,4,5,1
646,15,16,7536966,3,4,6
647,15,17,7709755,3,5,2
648,14,17,4241803,2,3,1,0,6,5
649,11,19,1115921,0,5,6
650,9,15,7670213,6,5,4
651,11,14,1419307,4,6,3
652,14,15,4503350,3,1,0,6
653,9,13,822540,4,5,1,2,0
654,1,15,4179459,2,0,5,3,1,4
655,11,14,3165109,3,4,6
656,11,20,2438364,6,2,4
657,10,14,812773,3,2,5,0,6,1
658,12,15,4674551,4,3,5,0
659,11,12,2957306,3,6,4,5,2,0
660,14,20,3499136,1,2,3,4,6
661,11,13,810817,4,1,5
662,6,13,4694434,4,3,0,6,2,1
663,10,17,8595607,0,4,3
664,14,17,4241803,2,3,1,0,6,5
665,14,20,4747554,4,3,2,6,5
666,15,20,11827988,2,5,3,4,0
667,6,15,4116448,4,0,1,2
668,15,16,6124172,4,5,2,6,1,3
669,14,16,1850080,1,0,3,2,4,6
670,1,7,2277680,6,0,5
671,11,20,1170541,0,4,1,2,5,6
672,14,15,6863430,2,3,0,5
673,6,13,2710420,6,4,3,1
674,9,16,818198,4,6,2,1,3,5
675,3,7,1383881,5,2,4,0,1,3
676,10,15,4442472,3,1,6,4,0
677,12,15,1060048,0,6,5,4
678,11,15,4328803,6,1,0
679,8,15,2662028,2,4,0,6,5
680,1,15,2284140,1,6,2
681,11,16,2187347,4,5,1,2,0,3
682,6,8,11133208,0,6,3,1
683,10,20,8681289,3,2,5,0,4
684,8,15,3562769,3,4,0,6,5
685,11,19,1530665,2,3,5,4,6
686,9,15,7670213,6,5,4
687,14,19,4312493,0,1,5
688,14,20,1180626,1,2,3,5,0
689,15,19,874899,5,0,6,2,1,3
690,6,8,11133208,0,6,3,1
691,6,16,2043172,3,5,6
692,11,13,4079420,3,0,5
693,6,16,5301783,4,5,1,6
694,11,20,2438364,6,2,4
695,14,16,1934551,3,6,0
696,11,12,4145669,0,5,1,4,6,2
697,6,15,3454630,1,0,3,5,6,2
698,6,16,2043172,3,5,6
699,11,16,2957536,0,4,1,6,5
700,4,13,1390235,4,0,2,1,6,3
701,6,13,2710420,6,4,3,1
702,15,17,7709755,3,5,2
703,4,11,815196,1,3,2,6,4
704,13,15,3382071,1,3,0,2,4
705,6,14,2460964,2,6,3,4
706,14,19,10515141,6,2,3,4
707,14,16,1631183,3,2,4
708,6,13,4694434,4,3,0,6,2,1
709,6,8,11133208,0,6,3,1
710,8,15,7031232,4,3,2,6,1,5
711,15,20,14910933,1,5,2,6,3,4
712,1,15,2316338,6,3,2
713,10,20,1762123,2,5,6,0,4
714,6,13,2181532,4,5,2,0,1
715,14,19,6196808,4,5,6,1,2,0
716,13,15,5527630,2,6,4
717,8,15,4784861,0,3,6
718,3,15,1440795,2,5,1,3,6
719,15,17,7709755,3,5,2
720,6,8,9146089,6,1,3,5
721,11,12,2957306,3,6,4,5,2,0
722,4,15,13810050,6,2,0
723,6,11,3767919,3,2,5,4,6
724,1,4,7124608,1,3,0,5,6
725,1,7,3765065,3,5,4,2,0
726,14,19,7353196,0,1,4,5
727,6,13,4694434,4,3,0,6,2,1
728,6,11,3767919,3,2,5,4,6
729,1,7,4285602,0,3,2,4,5,6
730,14,19,4665192,4,3,6
731,11,16,4189120,3,1,2
732,12,15,995858,5,2,3,4,6,1
733,11,20,3004715,6,4,0,5
734,10,20,8681289,3,2,5,0,4
735,5,15,4393013,4,2,6
736,4,15,5877264,0,5,3,2
737,11,15,5297367,6,4,0,5
738,10,14,812773,3,2,5,0,6,1
739,11,14,1419307,4,6,3
740,6,11,4666308,5,3,2,6,0,4
741,15,20,18742960,5,3,2,1
742,10,19,5849629,0,4,5,1,6,3
743,12,16,1490118,5,0,2
744,6,19,3864387,2,4,5
745,4,15,13810050,6,2,0
746,6,16,5501332,4,1,6,0,5,2
747,6,13,2181532,4,5,2,0,1
748,11,19,1530665,2,3,5,4,6
749,15,20,11730820,5,3,6,2,1,4
750,15,17,6578460,0,3,4,5,6
751,6,13,2710420,6,4,3,1
752,11,16,1219329,4,2,3,0,1
753,1,15,4179459,2,0,5,3,1,4
754,8,15,15951002,6,1,4
755,11,16,2187347,4,5,1,2,0,3
756,11,17,1240944,3,2,4,0,1
757,5,6,2333342,1,4,3
758,12,15,4674551,4,3,5,0
759,6,15,8273765,6,3,0,4,1
760,8,14,1096050,6,4,2
761,6,20,1880071,4,0,5,3
762,1,4,7124608,1,3,0,5,6
763,14,16,3644755,4,3,1
764,9,15,3905913,4,1,5,6
765,11,19,1245643,5,1,6
766,15,19,874899,5,0,6,2,1,3
767,1,7,2277680,6,0,5
768,13,15,837621,5,4,2,6,3,1
