0,25,20,10072,0,6,2,5,4,3
1,16,13,79718,0,2,1
2,45,73,14415,6,0,3
3,73,20,12165,1,6,4
4,50,62,58524,3,6,4,2,1
5,16,15,46744,1,3,6,5
6,22,13,541251,0,2,5,4
7,31,39,48693,4,1,3,2,6
8,54,15,33438,4,1,0
9,16,13,98888,2,5,6,0,4,3
10,31,20,337702,5,2,4,3,6,0
11,16,42,164979,6,4,1,0
12,15,61,22084,5,6,4,2
13,31,42,165534,3,0,2,1
14,16,42,158796,6,1,4
15,40,65,14449,4,5,0,2
16,45,64,373913,4,1,3
17,63,50,800000,4,3,1,2,6,0
18,22,64,504569,4,5,0,1,2
19,45,19,13131,3,6,4,2,5
20,77,19,13221,6,0,5,1,2,3
21,16,66,131729,5,1,3
22,2,39,59513,2,0,6
23,45,39,49942,5,3,4,2,1,6
24,15,73,26519,5,2,1,4,6
25,6,42,610885,2,5,4,0,3,6
26,63,64,800000,5,6,0
27,77,73,12199,5,1,2,4,3
28,54,19,30827,0,2,4,5,1,3
29,1,13,800000,4,1,6
30,65,20,11063,2,3,4
31,22,20,465570,6,2,5,0,4
32,31,61,460024,0,4,5,2,3
33,45,42,154200,2,3,0,4
34,77,13,582812,3,2,0
35,45,62,59734,0,5,6,4,1,3
36,23,50,212221,6,4,0,1,3,2
37,40,13,95812,4,1,0,3,2
38,73,19,24603,5,6,1
39,6,20,800000,1,4,0,6,2,5
40,65,61,19638,3,6,2
41,63,61,800000,3,1,0,2
42,6,62,65061,3,1,6
43,22,65,27816,4,2,6
44,23,66,198678,3,2,5,4
45,31,17,24025,3,1,0
46,1,64,800000,1,2,4,3,6,5
47,50,42,474922,5,3,4,6
48,16,15,50153,0,2,1
49,63,13,800000,4,2,1,5,6
50,3,42,158963,2,0,4
51,1,64,800000,1,2,4,3,6,5
52,31,19,35385,3,0,2,4
53,31,20,314171,3,0,2
54,26,20,12054,3,1,0,2
55,2,17,18860,5,6,3,4,1,2
56,6,62,59837,0,1,2,5
57,23,13,106770,6,3,1,4,0
58,50,13,800000,6,5,1,0,2,4
59,31,42,175587,4,2,1,3,5
60,16,50,166251,2,5,1,3,6
61,23,17,15707,5,0,2,1,6
62,22,19,32218,3,1,6,4
63,0,64,98057,2,1,4,6,3,0
64,73,20,12165,1,6,4
65,23,65,16180,4,0,1,3,5,6
66,0,64,98057,2,1,4,6,3,0
67,15,20,10572,1,0,5,4,2
68,0,13,67352,0,6,4,3
69,3,64,312701,1,0,4,3
70,22,64,363881,3,1,0
71,62,20,88704,3,6,1
72,54,20,12163,1,6,4,5
73,45,42,156172,1,0,3
74,26,15,17534,0,4,5
75,3,61,268162,5,0,4
76,65,17,18694,2,3,0
77,22,61,618604,6,0,5,2,1,3
78,2,15,22256,3,6,5,1,2
79,50,39,54702,6,0,2
80,16,39,57419,1,5,3,6,2
81,54,34,36733,2,0,4
82,22,42,93118,5,2,6,0
83,2,62,79753,2,5,4,6,1,3
84,73,65,29053,5,3,2
85,50,39,59935,2,0,5,3
86,23,34,17677,4,5,3
87,22,19,36429,1,0,5
88,3,13,118669,4,3,1
89,40,61,455662,6,1,2,5,0
90,45,62,56804,3,4,2,1,6,0
91,25,73,30241,3,1,4,0,2
92,23,42,220389,5,4,1
93,25,34,44254,5,3,0,1,6,4
94,63,42,407886,1,5,0,3,2
95,22,62,78881,6,2,1,0
96,22,42,112003,4,6,3
97,40,20,259087,3,4,5,6
98,77,61,800000,4,5,2
99,65,15,34377,6,4,1,3,5,0
100,26,65,16082,3,0,2,4,1,6
101,65,61,19658,1,6,5
102,40,17,13218,1,6,4,3
103,23,20,371694,4,3,6,2,5,1
104,6,39,57286,1,2,5
105,16,66,131729,5,1,3
106,63,13,800000,4,2,1,5,6
107,1,62,71322,3,5,0,4,1,2
108,31,42,165534,3,0,2,1
109,23,20,280042,0,5,2,1,4,3
110,23,73,19760,1,2,4,3,5
111,22,20,585728,5,3,1,0,6
112,16,15,46744,1,3,6,5
113,62,66,70432,6,2,1,0
114,26,65,16378,2,0,5
115,40,66,106094,6,3,1,5,0
116,1,62,71322,3,5,0,4,1,2
117,40,13,100593,1,2,5,0
118,65,19,36237,4,2,1,5,0,6
119,31,15,33699,5,3,2,6,4,1
120,22,17,22430,1,2,5
121,77,62,73998,4,1,2
122,31,19,45655,1,5,2
123,26,19,16879,4,0,5
124,15,17,22963,4,1,2
125,2,50,800000,0,1,3,2,6
126,1,17,10065,0,2,5,4
127,45,62,56804,3,4,2,1,6,0
128,40,65,14449,4,5,0,2
129,6,61,800000,0,4,1
130,16,20,358150,4,0,3,1,5
131,22,65,27692,1,3,0
132,2,64,800000,6,0,1
133,54,34,26645,3,4,6,0,5
134,2,73,23573,0,5,2,3
135,77,17,11303,6,5,1
136,63,64,800000,3,0,6,4
137,2,19,21930,2,4,0,1
138,62,50,57936,2,6,3,4
139,23,15,19267,6,0,5
140,23,62,67387,1,5,0,4,6
141,54,73,31032,1,5,0,6,4,3
142,77,34,12661,3,2,5,0
143,6,42,610885,2,5,4,0,3,6
144,31,64,342256,0,3,5,4
145,16,19,32303,6,1,2,3
146,2,42,350305,0,2,3
147,31,15,33699,5,3,2,6,4,1
148,31,20,337702,5,2,4,3,6,0
149,2,19,23424,3,5,4,1,0
150,50,61,800000,5,3,6
151,31,65,24176,4,5,2,1,3,6
152,31,66,110613,1,4,2,0
153,45,19,15875,3,2,6,4,1,5
154,2,13,699161,4,2,0,6,3
155,31,34,38130,0,6,4
156,22,66,585272,6,0,5,3
157,2,64,800000,5,4,1,0,3
158,1,50,800000,4,5,6,0
159,3,50,224072,2,4,0,3
160,22,17,24158,4,5,3
161,2,65,19773,5,1,4,2
162,77,66,800000,6,0,1,2,5,4
163,26,15,16588,4,1,6,2,5
164,3,50,187762,4,6,0,1
165,1,19,10004,1,3,2,4
166,3,19,10530,3,4,5
167,0,50,136336,3,1,5
168,22,13,516035,2,4,3,6
169,1,66,800000,6,5,0,2,1
170,3,13,94342,3,0,4,2,1,5
171,63,50,800000,1,0,5
172,65,20,11021,0,1,5
173,22,34,32807,4,5,3,0
174,45,34,15402,4,3,0,2,5,6
175,0,66,102398,5,4,0,3,6
176,3,61,264497,2,0,6,5,3
177,77,19,15014,0,1,4,3,5,2
178,3,39,48627,2,6,5,1
179,2,42,501786,2,4,1
180,62,50,57936,2,6,3,4
181,23,66,203385,6,3,1
182,26,65,19842,3,4,6
183,45,65,14038,6,1,4,5
184,40,15,16713,6,4,1,5
185,15,73,26519,5,2,1,4,6
186,2,62,77351,2,1,4
187,45,62,56804,3,4,2,1,6,0
188,15,73,19971,3,4,0,6
189,50,64,800000,6,4,2
190,77,61,800000,4,5,2
191,63,61,800000,1,4,6,2,5
192,2,61,800000,0,3,4,1,2
193,50,64,800000,6,4,2
194,63,50,800000,1,0,5
195,65,61,19638,3,6,2
196,25,64,13640,0,3,2,4,6,1
197,1,62,71322,3,5,0,4,1,2
198,22,66,653507,2,0,3,6,4
199,45,39,45777,6,5,1,3,2,4
200,15,20,10356,0,2,4,3
201,3,20,229258,2,5,3
202,3,15,10933,1,4,3,5,0
203,45,61,425042,3,6,5
204,22,20,659410,3,0,6
205,1,20,800000,6,0,1,4,2
206,3,64,242522,4,1,3
207,54,73,26463,0,2,5,1
208,45,50,185495,5,4,0,2,3
209,16,50,248427,2,4,6
210,54,34,27155,3,6,5,1,4
211,0,62,48793,6,2,0,3,5,1
212,23,20,371694,4,3,6,2,5,1
213,2,64,800000,5,4,2
214,54,20,12163,1,6,4,5
215,31,50,235868,4,0,6,5
216,62,42,68911,2,0,3,6,4,5
217,23,50,218422,6,0,3,2,1
218,25,65,40385,2,3,0
219,62,66,57773,2,1,6,4
220,22,13,560066,6,1,5,3
221,26,20,12054,3,1,0,2
222,15,34,43112,0,5,4
223,31,65,41701,0,4,2
224,65,73,24493,3,4,1,2,5,0
225,73,64,15018,2,1,6
226,65,20,10064,5,0,6,2,1,4
227,65,20,11063,2,3,4
228,26,17,15027,1,6,2,3,4,0
229,26,17,15027,1,6,2,3,4,0
230,22,19,36429,1,0,5
231,65,19,35548,1,3,0,6
232,77,42,537717,0,2,6,5
233,73,64,15264,3,1,6,4
234,77,66,780723,5,0,1,6,4,3
235,63,66,800000,5,6,0,3
236,31,15,43624,5,0,1,4,2
237,26,73,15432,6,3,0
238,45,65,11745,5,3,0,4
239,50,64,800000,6,1,4,3,5
240,65,17,28451,3,4,0,1,6
241,15,19,36780,5,3,0,2,1
242,15,64,12007,2,5,0,1,3,4
243,2,15,22039,3,6,1,2
244,40,62,66469,3,6,2,5,4
245,31,13,95847,5,1,6
246,63,50,800000,1,0,5
247,16,50,162931,6,2,1,4
248,23,50,251659,6,5,3,1,0,4
249,16,61,442152,2,0,1,3
250,23,15,19267,6,0,5
251,63,62,52648,4,1,6
252,2,73,22721,0,6,4,2,5
253,15,34,38759,4,6,2,5,1
254,15,65,37129,3,4,2
255,22,13,500583,6,5,2,0,1
256,22,34,34951,3,1,5
257,40,39,44283,2,1,6
258,50,64,800000,6,1,4,3,5
259,63,39,51178,1,6,4
260,16,65,33925,5,6,2,1,4,3
261,63,13,800000,4,2,1,5,6
262,54,34,27155,3,6,5,1,4
263,23,73,17947,5,3,6
264,40,42,206176,0,4,5
265,45,19,13131,3,6,4,2,5
266,45,62,74012,4,2,5,1
267,45,19,15875,3,2,6,4,1,5
268,31,20,331553,0,6,3,2
269,3,13,118669,4,3,1
270,54,73,26463,0,2,5,1
271,40,65,16455,6,3,2,5
272,40,50,196433,3,1,2,6,5
273,6,50,800000,0,2,3
274,26,73,15432,6,3,0
275,31,34,38130,0,6,4
276,40,62,62289,3,4,6,2
277,16,66,107846,1,3,5
278,22,50,514105,0,5,4,6,3
279,25,20,11304,3,4,0
280,15,19,38973,3,0,2,5,4
281,22,66,594034,2,6,0,1
282,1,50,800000,5,6,0,3,1,4
283,65,19,35548,1,3,0,6
284,31,13,95847,5,1,6
285,77,50,800000,4,6,0,1,5
286,62,13,61065,3,0,1,2,4
287,2,61,800000,0,3,4,1,2
288,2,62,85029,1,6,4
289,77,42,493032,0,2,6
290,2,50,549641,0,5,2,4,6
291,77,42,388892,6,4,1,0,5,3
292,31,42,175587,4,2,1,3,5
293,63,20,800000,6,4,0,2,1
294,25,17,20720,3,4,5,2,6,1
295,65,61,21483,6,1,0
296,50,20,800000,4,0,6,5
297,26,64,12508,1,3,0,2,5,4
298,45,34,14230,4,5,6,2
299,1,64,800000,1,2,4,3,6,5
300,1,19,10004,1,3,2,4
301,23,50,218422,6,0,3,2,1
302,77,19,15014,0,1,4,3,5,2
303,65,17,18694,2,3,0
304,65,19,30620,2,6,3,1
305,2,17,18860,5,6,3,4,1,2
306,3,61,268162,5,0,4
307,23,34,17646,6,2,3,0,1,5
308,23,20,280042,0,5,2,1,4,3
309,54,17,27679,4,5,1,3,6
310,62,64,48276,1,4,3,6,2,5
311,31,66,140337,6,0,2,4,3
312,40,73,16417,1,4,3,6,2
313,16,20,358150,4,0,3,1,5
314,62,50,71863,1,4,6
315,77,15,13143,4,1,3,0
316,2,34,20856,3,1,0,2,6
317,1,39,60804,6,1,4,0,3,5
318,62,50,71863,1,4,6
319,45,34,14422,4,3,2,0,6,1
320,2,13,505389,2,4,5,6
321,65,15,39805,3,0,5
322,23,19,19593,6,3,1,2
323,45,65,14038,6,1,4,5
324,1,61,800000,1,3,4,2,6
325,65,64,10980,2,0,1,6
326,50,62,58524,3,6,4,2,1
327,16,15,50153,0,2,1
328,23,17,16328,0,5,2,3
329,22,66,465198,5,0,6,1,2,3
330,40,50,136011,5,6,2,3,0
331,77,13,582812,3,2,0
332,65,73,26052,1,0,5,6
333,22,61,720303,0,1,6,3,2
334,0,20,127303,2,5,6,0,4
335,77,61,800000,4,2,5,6,0,3
336,3,66,158683,2,3,5,6,0
337,31,34,44300,1,3,6,4,2,5
338,73,20,12165,1,6,4
339,31,13,80509,1,0,2,5,4,6
340,25,61,19297,5,2,4
341,45,73,14415,6,0,3
342,0,61,130082,2,4,5,1,6,3
343,40,13,69519,3,4,0,2
344,31,42,175587,4,2,1,3,5
345,77,73,12583,3,4,6,5
346,16,62,104426,1,3,5,4,2,0
347,1,42,669075,3,6,1
348,54,19,35025,1,4,3,0,2,6
349,16,17,27484,1,4,3
350,65,15,34377,6,4,1,3,5,0
351,2,20,800000,0,5,6,1,4,2
352,23,65,20048,0,3,4
353,45,66,156973,2,1,3
354,22,17,24688,0,6,3,2,5,4
355,31,19,39361,5,2,4,3,1
356,0,42,146811,5,3,0,6,2
357,22,34,28824,5,0,2,4,3,6
358,3,19,11127,3,0,6,4,2,5
359,45,34,14230,4,5,6,2
360,26,19,17546,3,6,1
361,16,15,50153,0,2,1
362,31,17,24025,3,1,0
363,62,20,72372,5,1,0,4,3,2
364,54,65,29917,4,5,0,6,3
365,63,13,800000,6,1,5,4,2
366,3,13,114590,5,3,2
367,31,66,115697,2,0,1,3
368,63,66,800000,6,3,5
369,31,13,95847,5,1,6
370,77,66,385719,6,0,3,2,4
371,3,15,10933,1,4,3,5,0
372,22,19,33616,6,4,0,3,1,5
373,45,42,154200,2,3,0,4
374,45,20,364302,2,1,5,6,3
375,22,66,585272,6,0,5,3
376,22,50,558825,6,5,3
377,77,50,800000,4,6,0,1,5
378,31,20,270896,1,2,4
379,54,15,39067,0,1,4,3,2
380,16,17,25911,1,2,6,5
381,77,66,800000,6,0,1,2,5,4
382,73,19,24603,5,6,1
383,62,42,65264,0,3,1,5
384,63,62,52648,4,1,6
385,26,15,17050,1,5,4,2
386,1,17,10065,0,2,5,4
387,16,64,287254,2,6,3
388,22,65,28632,3,0,5,1,2,4
389,73,61,18755,0,4,1,6,3
390,77,62,69319,3,5,4,0,6
391,77,65,12379,4,1,3,6,0
392,2,20,800000,4,1,0,5,3
393,40,13,100593,1,2,5,0
394,2,66,598831,3,6,4,5,0,2
395,63,62,62646,1,0,2,3,4
396,77,39,46267,6,1,3
397,3,65,10047,4,6,2,3,1
398,3,39,51244,5,4,0
399,15,65,37129,3,4,2
400,50,62,48790,0,1,4
401,45,73,13382,5,3,4,6
402,23,62,67897,1,0,2,3
403,31,62,95371,6,1,5,4,2
404,2,13,505389,2,4,5,6
405,63,50,800000,4,3,1,2,6,0
406,73,34,25169,5,1,0
407,2,66,564517,2,0,6,3,1,4
408,65,73,28259,5,6,0,1
409,63,20,800000,1,5,6,2,3,0
410,15,65,35009,4,3,0,6
411,45,39,45868,6,0,4
412,45,73,15027,1,0,5,6
413,73,65,29465,3,1,2,0,5,6
414,77,65,12286,2,3,0,6,5,1
415,2,62,85029,1,6,4
416,22,20,585728,5,3,1,0,6
417,22,61,594072,3,2,5,6,0
418,0,61,123557,6,2,4,1
419,31,15,33699,5,3,2,6,4,1
420,2,19,21930,2,4,0,1
421,25,65,37434,6,1,3,2,5,0
422,31,34,44300,1,3,6,4,2,5
423,16,42,155146,1,2,3
424,22,73,25053,4,5,3,0,6,1
425,40,13,69519,3,4,0,2
426,3,62,85984,2,5,6,0,4
427,6,13,800000,6,3,4,0,1,5
428,22,50,558825,6,5,3
429,0,42,99041,4,5,6
430,22,65,28632,3,0,5,1,2,4
431,22,20,625849,6,4,5,3,2
432,25,64,12791,3,2,0
433,16,50,248427,2,4,6
434,16,65,39668,2,5,4,6,3,1
435,6,66,800000,0,2,1
436,45,13,87255,2,0,3,5,6
437,16,62,104426,1,3,5,4,2,0
438,45,64,505500,2,6,4,0,5,1
439,1,13,800000,0,6,3
440,16,73,27629,2,6,0,3,1
441,22,13,500583,6,5,2,0,1
442,23,66,198678,3,2,5,4
443,3,34,10967,5,1,4,2,3
444,65,19,30620,2,6,3,1
445,0,20,89575,4,6,0,2,1,5
446,73,65,33727,3,5,2,6,1
447,77,39,54675,6,2,3,1,4,5
448,50,62,63550,1,5,6,4,3,0
449,22,66,594034,2,6,0,1
450,6,13,800000,6,3,4,0,1,5
451,63,13,800000,4,2,1,5,6
452,25,17,23617,5,1,3
453,54,73,26463,0,2,5,1
454,6,61,800000,2,3,4,5,6,1
455,65,15,40227,3,2,0,6,4,5
456,16,17,28515,3,0,6
457,16,50,248427,2,4,6
458,62,13,49866,0,2,3,4,1,6
459,16,65,41560,5,6,0,3,2,4
460,2,39,59513,2,0,6
461,31,34,44300,1,3,6,4,2,5
462,50,39,56283,0,3,6,2
463,16,62,87524,4,2,3,0,1,6
464,2,34,20856,3,1,0,2,6
465,1,39,63310,6,3,4,1,5
466,63,39,55556,5,0,2,3
467,22,73,25053,4,5,3,0,6,1
468,45,20,406546,2,0,1,6
469,22,64,504569,4,5,0,1,2
470,45,62,56804,3,4,2,1,6,0
471,31,17,24920,5,4,3,2,1
472,22,42,92733,6,0,5,3,4,1
473,31,64,443723,4,1,5
474,0,66,105786,0,5,3,6,4
475,22,66,653507,2,0,3,6,4
476,22,19,30011,3,4,2
477,16,19,39612,2,3,6,5,1,4
478,22,61,618604,6,0,5,2,1,3
479,63,39,56730,4,5,1,0,2,6
480,16,62,87524,4,2,3,0,1,6
481,22,15,27483,3,4,1
482,6,62,65807,1,4,6
483,50,20,800000,1,4,5,0,2,3
484,16,20,349711,3,5,0,2
485,1,19,10004,1,3,2,4
486,77,17,12065,4,5,0,1,6
487,2,64,800000,0,1,6,3,2
488,25,65,32459,2,5,4
489,40,42,189117,1,3,6,0,2
490,25,20,11304,3,4,0
491,50,13,800000,2,1,4,0,5,3
492,22,73,23862,6,5,0,4,2,3
493,16,66,107846,1,3,5
494,25,20,11304,3,4,0
495,73,64,14906,2,6,4
496,65,61,21483,6,1,0
497,26,19,17546,3,6,1
498,3,13,116224,5,6,0,4,3
499,0,42,109088,1,3,6,5,0
500,54,15,36629,6,2,1,3
501,73,15,28585,0,1,5,6
502,45,39,45868,6,0,4
503,25,34,40447,6,1,2
504,45,20,339856,4,6,5,1
505,50,39,59935,2,0,5,3
506,65,34,36059,1,5,6,4,0,2
507,23,64,342938,4,0,6,1
508,3,13,118669,4,3,1
509,22,73,23862,6,5,0,4,2,3
510,62,61,90724,4,0,6,3
511,26,65,16378,2,0,5
512,23,64,349269,3,0,5,2,4,1
513,3,64,270757,3,4,6,1,0,2
514,1,62,71322,3,5,0,4,1,2
515,45,73,13382,5,3,4,6
516,26,61,14720,6,2,4
517,6,62,65061,3,1,6
518,16,13,98888,2,5,6,0,4,3
519,16,20,358150,4,0,3,1,5
520,31,15,33913,5,1,6,2
521,25,20,11304,3,4,0
522,3,66,161731,3,6,2,0,5,4
523,54,65,29917,4,5,0,6,3
524,15,34,38759,4,6,2,5,1
525,15,34,43112,0,5,4
526,1,65,10214,2,3,4,5
527,31,13,95847,5,1,6
528,63,13,800000,6,1,5,4,2
529,3,64,312701,1,0,4,3
530,40,61,376924,5,0,1,2
531,22,65,27692,1,3,0
532,2,39,59513,2,0,6
533,23,20,280042,0,5,2,1,4,3
534,3,66,161731,3,6,2,0,5,4
535,6,61,800000,2,3,4,5,6,1
536,45,61,425042,3,6,5
537,2,73,22721,0,6,4,2,5
538,16,62,104426,1,3,5,4,2,0
539,15,17,23867,6,3,1
540,77,19,12025,4,0,2,6,3,5
541,40,50,194403,4,5,3,0
542,45,64,364003,2,6,4
543,31,73,24794,6,4,5
544,73,61,19799,6,5,3,0,4
545,3,34,10967,5,1,4,2,3
546,25,17,20720,3,4,5,2,6,1
547,50,61,800000,6,0,1,5,3
548,73,61,22365,5,0,1,2,3,6
549,77,62,73998,4,1,2
550,16,13,98888,2,5,6,0,4,3
551,22,64,434593,3,0,5,6,1
552,16,34,52643,5,2,1,4,0,3
553,31,34,35072,3,0,2
554,23,66,198678,3,2,5,4
555,63,64,800000,5,6,0
556,77,13,582812,3,2,0
557,25,64,12791,3,2,0
558,31,34,38130,0,6,4
559,23,64,342938,4,0,6,1
560,23,17,17607,6,5,3,4,0,1
561,6,13,800000,6,3,4,0,1,5
562,0,13,89700,2,4,1
563,65,20,10064,5,0,6,2,1,4
564,0,20,121369,6,5,0,1
565,2,66,738386,1,2,4,6
566,6,64,800000,3,4,1,0,5
567,23,42,220389,5,4,1
568,23,65,16716,1,2,6,0,3
569,62,64,78219,1,2,6,0,5
570,40,39,44283,2,1,6
571,40,64,262010,0,2,6,5,3,4
572,63,64,800000,3,0,6,4
573,15,20,10356,0,2,4,3
574,22,34,28824,5,0,2,4,3,6
575,1,13,800000,5,1,2
576,50,42,536822,5,3,1,6,4
577,31,34,32687,6,0,2
578,73,34,27811,1,6,0
579,50,66,800000,6,4,3
580,77,20,800000,5,0,4
581,25,15,49602,1,5,0,4,6,3
582,16,42,179668,5,6,4,0,3
583,22,62,59476,0,1,2,5,6
584,0,61,97169,5,4,3,2,1
585,23,64,349269,3,0,5,2,4,1
586,45,62,56804,3,4,2,1,6,0
587,45,39,45868,6,0,4
588,31,34,35072,3,0,2
589,16,50,248427,2,4,6
590,25,64,13759,3,6,5,0
591,1,20,800000,5,4,2,1,0,6
592,73,64,15018,2,1,6
593,26,17,16773,0,3,6
594,25,61,20256,6,2,4
595,25,73,25745,0,1,6
596,25,73,30241,3,1,4,0,2
597,40,19,15554,3,0,1,2,5
598,65,19,35548,1,3,0,6
599,73,61,19799,6,5,3,0,4
600,63,50,800000,4,3,1,2,6,0
601,45,64,505500,2,6,4,0,5,1
602,63,62,62646,1,0,2,3,4
603,1,65,10214,2,3,4,5
604,77,64,800000,4,6,5,1,0
605,31,50,235868,4,0,6,5
606,31,65,40482,4,3,0,6,1
607,31,62,75631,4,0,6
608,73,61,18755,0,4,1,6,3
609,31,64,317897,3,4,1,2,0
610,63,61,800000,1,4,6,2,5
611,22,62,78475,1,3,2
612,22,65,27816,4,2,6
613,1,20,800000,2,1,5,6,4
614,3,13,94342,3,0,4,2,1,5
615,15,73,19971,3,4,0,6
616,40,61,376924,5,0,1,2
617,3,65,10047,4,6,2,3,1
618,77,64,800000,4,6,5,1,0
619,40,50,196433,3,1,2,6,5
620,40,61,376924,5,0,1,2
621,23,13,85290,6,0,2,4,5,1
622,15,73,20440,2,3,4
623,54,61,23274,2,3,6,1
624,40,65,15691,4,3,2,6,0
625,40,20,350885,0,2,5
626,62,42,67035,0,1,2,3,5,4
627,23,15,17391,6,0,3,1,4
628,16,66,131729,5,1,3
629,63,20,800000,6,4,0,2,1
630,63,50,800000,1,0,5
631,23,20,341231,1,2,0,4,6,5
632,2,73,23573,0,5,2,3
633,63,64,800000,6,0,4
634,40,73,16417,1,4,3,6,2
635,0,61,97169,5,4,3,2,1
636,23,39,67586,5,6,1,2
637,22,66,465198,5,0,6,1,2,3
638,77,19,13221,6,0,5,1,2,3
639,16,65,41560,5,6,0,3,2,4
640,22,64,570962,4,1,5,0,2,6
641,40,19,13164,2,3,0,5
642,3,65,10047,4,6,2,3,1
643,26,15,17534,0,4,5
644,40,65,14449,4,5,0,2
645,40,19,12469,2,0,4,6,5
646,23,42,220389,5,4,1
647,2,65,21109,3,2,4,1
648,45,19,13560,3,1,4,6,2
649,26,73,15432,6,3,0
650,23,50,251659,6,5,3,1,0,4
651,45,73,14061,4,1,0,2
652,16,42,158796,6,1,4
653,22,15,31980,2,3,0,5,1
654,1,13,800000,5,4,0,3
655,23,42,220389,5,4,1
656,62,42,58492,4,0,5,2,1,3
657,0,20,89575,4,6,0,2,1,5
658,1,20,800000,6,0,1,4,2
659,1,62,55111,5,4,0
660,31,34,35072,3,0,2
661,45,17,14253,2,0,5,3,6
662,3,13,118669,4,3,1
663,65,19,30620,2,6,3,1
664,31,17,23993,1,3,0
665,77,50,770604,1,6,5,3,0
666,77,42,493032,0,2,6
667,6,39,58944,3,2,5,6,4,1
668,25,15,49602,1,5,0,4,6,3
669,1,66,800000,3,1,6
