0,13,15,13756304,4,6,5,0
1,14,19,4665192,4,3,6
2,11,19,2496601,0,5,1
3,4,15,13810050,6,2,0
4,14,17,4241803,2,3,1,0,6,5
5,14,16,1934551,3,6,0
6,1,7,4285602,0,3,2,4,5,6
7,4,15,5285815,5,3,4,1,6
8,9,16,818198,4,6,2,1,3,5
9,10,19,5849629,0,4,5,1,6,3
10,7,15,1304164,1,4,6
11,15,19,6181203,1,2,3
12,6,15,5711147,5,3,0,6
13,11,20,1130854,5,3,2,1,0,4
14,9,15,3905913,4,1,5,6
15,9,15,3905913,4,1,5,6
16,5,15,8263371,2,6,4,5,1,3
17,12,15,995858,5,2,3,4,6,1
18,12,17,5862850,1,0,2,4
19,14,19,7353196,0,1,4,5
20,14,16,1631183,3,2,4
21,12,14,958995,0,5,2,4,1
22,6,20,3446988,1,5,0,2,3,4
23,11,16,4095855,2,0,1,6,5
24,6,14,2460964,2,6,3,4
25,15,19,5954096,4,1,0
26,6,13,2710420,6,4,3,1
27,15,19,5957353,5,4,3
28,7,16,1377177,2,6,0
29,10,15,5654580,3,4,5,1,6
30,9,15,3905913,4,1,5,6
31,15,19,2688976,4,3,6,2
32,14,19,4665192,4,3,6
33,1,15,2284140,1,6,2
34,7,15,2750939,6,3,4,2,5
35,14,16,1850080,1,0,3,2,4,6
36,11,14,1284694,0,1,4
37,10,17,17022243,4,1,5
38,15,16,1498346,5,1,0,6
39,9,16,818198,4,6,2,1,3,5
40,11,15,7970469,0,4,3,5
41,6,8,9146089,6,1,3,5
42,13,14,816490,1,5,0,2,4
43,14,19,4449206,5,0,2
44,11,12,2957306,3,6,4,5,2,0
45,5,15,4393013,4,2,6
46,6,16,5301783,4,5,1,6
47,14,19,10515141,6,2,3,4
48,15,19,6181203,1,2,3
49,14,17,2582409,1,0,2,3,4
50,5,15,2430363,5,2,6,4,3
51,14,16,1631183,3,2,4
52,1,4,7124608,1,3,0,5,6
53,10,20,4609189,6,3,4,2,5
54,13,15,3382071,1,3,0,2,4
55,6,14,2460964,2,6,3,4
56,13,17,10990050,6,2,0,4
57,1,7,1328482,2,1,3,5,6
58,14,19,4449206,5,0,2
59,13,14,815283,3,5,1,4,0
60,12,15,995858,5,2,3,4,6,1
61,14,15,6961711,0,6,1,3,2,5
62,6,15,4116448,4,0,1,2
63,14,15,3500960,2,6,3,4,5,1
64,15,20,25342157,4,0,2,5,6
65,4,15,6299030,3,4,0
66,15,19,874899,5,0,6,2,1,3
67,6,15,17977963,4,6,1,2
68,11,12,3759260,0,1,5,6,2,4
69,9,15,5353702,0,1,4,2,6,3
70,1,15,2284140,1,6,2
71,1,7,2277680,6,0,5
72,4,11,815196,1,3,2,6,4
73,3,15,1976858,3,0,6,5,4
74,10,14,812773,3,2,5,0,6,1
75,11,17,2061838,5,4,3,6
76,7,19,1621541,0,5,1,4,2
77,1,10,17134316,4,3,0,6
78,10,20,8681289,3,2,5,0,4
79,1,15,11769774,6,2,5,0,1,3
80,6,16,7454182,2,6,4,5,0
81,15,17,7709755,3,5,2
82,14,19,4665192,4,3,6
83,1,7,1328482,2,1,3,5,6
84,9,15,9659538,6,4,2
85,7,16,1377177,2,6,0
86,14,20,3499136,1,2,3,4,6
87,14,15,9983590,3,6,2
88,3,15,1168878,6,3,4
89,3,15,1440795,2,5,1,3,6
90,6,20,5663041,0,2,4,6,1
91,11,15,5297367,6,4,0,5
92,6,20,5663041,0,2,4,6,1
93,6,20,2937439,4,0,5,6,2,1
94,6,20,3446988,1,5,0,2,3,4
95,6,11,4666308,5,3,2,6,0,4
96,11,20,1130854,5,3,2,1,0,4
97,1,4,7124608,1,3,0,5,6
98,6,20,5663041,0,2,4,6,1
99,11,15,5297367,6,4,0,5
100,14,20,3450311,5,4,3,1
101,11,19,1115921,0,5,6
102,6,11,3834024,2,4,1,5,0,6
103,11,17,1240944,3,2,4,0,1
104,6,19,10185624,6,4,0,3,5,1
105,12,14,1440375,0,5,1,4,2,3
106,9,15,5353702,0,1,4,2,6,3
107,11,12,4145669,0,5,1,4,6,2
108,9,15,9659538,6,4,2
109,6,20,2937439,4,0,5,6,2,1
110,14,16,1631183,3,2,4
111,9,15,7670213,6,5,4
112,8,15,2662028,2,4,0,6,5
113,12,15,4674551,4,3,5,0
114,7,19,1621541,0,5,1,4,2
115,9,13,822540,4,5,1,2,0
116,4,15,6299030,3,4,0
117,15,17,7709755,3,5,2
118,6,20,5663041,0,2,4,6,1
119,13,14,1138090,6,0,2,4
120,15,17,7709755,3,5,2
121,8,15,2662028,2,4,0,6,5
122,4,15,5877264,0,5,3,2
123,6,20,2937439,4,0,5,6,2,1
124,15,17,7709755,3,5,2
125,6,8,9146089,6,1,3,5
126,4,15,5877264,0,5,3,2
127,12,15,1060048,0,6,5,4
128,6,8,9146089,6,1,3,5
129,15,20,11730820,5,3,6,2,1,4
130,6,13,1082273,3,5,1,4,0,2
131,4,15,6299030,3,4,0
132,3,15,1717322,3,4,0,2
133,14,15,6961711,0,6,1,3,2,5
134,14,15,3720795,5,0,4,6
135,7,15,1142854,0,6,2,4
136,10,19,9229911,2,1,4,5
137,6,20,1880071,4,0,5,3
138,12,15,995858,5,2,3,4,6,1
139,6,13,1082273,3,5,1,4,0,2
140,5,15,7797991,5,6,1,4
141,15,17,6578460,0,3,4,5,6
142,10,15,5654580,3,4,5,1,6
143,13,15,3382071,1,3,0,2,4
144,11,20,1203371,6,0,2,1
145,15,16,7536966,3,4,6
146,11,19,1115921,0,5,6
147,13,15,1617533,5,2,4
148,6,16,5501332,4,1,6,0,5,2
149,6,11,3767919,3,2,5,4,6
150,11,14,1284694,0,1,4
151,1,10,17134316,4,3,0,6
152,6,13,2181532,4,5,2,0,1
153,14,20,3499136,1,2,3,4,6
154,11,16,2483700,4,5,3,6,0,2
155,1,15,4179459,2,0,5,3,1,4
156,5,15,4350510,3,0,2,6
157,15,19,6181203,1,2,3
158,14,19,7353196,0,1,4,5
159,6,15,8273765,6,3,0,4,1
160,1,15,10784277,4,3,1,2,5,0
161,15,19,14206809,3,0,6,5,1,2
162,6,11,6038026,6,1,5,3
163,10,20,4609189,6,3,4,2,5
164,7,19,3284884,4,0,5,6
165,14,19,2770618,3,2,1,4
166,14,20,7053871,1,5,0
167,5,15,4393013,4,2,6
168,12,14,1045590,6,4,0,3
169,4,11,815196,1,3,2,6,4
170,11,17,1240944,3,2,4,0,1
171,10,17,2302052,1,6,2
172,6,16,6603024,4,3,0,6,1,2
173,1,7,2277680,6,0,5
174,3,15,1717322,3,4,0,2
175,1,15,2316338,6,3,2
176,10,15,4442472,3,1,6,4,0
177,10,17,2302052,1,6,2
178,10,20,8681289,3,2,5,0,4
179,6,11,3767919,3,2,5,4,6
180,12,15,4674551,4,3,5,0
181,6,8,7384842,6,1,4
182,14,19,2558701,1,0,4
183,11,12,3759260,0,1,5,6,2,4
184,14,20,3450311,5,4,3,1
185,10,15,3387190,6,2,5,3
186,13,15,5527630,2,6,4
187,15,16,7536966,3,4,6
188,11,17,2616100,1,0,6,5,2,4
189,12,15,4799916,2,5,6
190,6,13,10313775,4,0,5,1,2
191,11,13,810817,4,1,5
192,11,16,2187347,4,5,1,2,0,3
193,6,8,11133208,0,6,3,1
194,11,17,1695050,1,0,6,3,4,2
195,5,15,2430363,5,2,6,4,3
196,15,17,6042414,2,5,1,6,3,0
197,12,15,995858,5,2,3,4,6,1
198,5,14,1641941,4,3,5,1,0,2
199,8,15,10006275,6,5,4,2,0
200,15,20,11827988,2,5,3,4,0
201,13,15,5019062,3,0,5,4
202,7,15,1304164,1,4,6
203,15,19,874899,5,0,6,2,1,3
204,13,14,816490,1,5,0,2,4
205,7,14,874658,5,0,6,4
206,16,17,894974,1,5,2
207,5,15,7797991,5,6,1,4
208,9,15,6121331,4,5,6,3
209,11,15,7905003,2,5,1,4
210,6,11,4666308,5,3,2,6,0,4
211,10,16,1059196,1,6,3,0,4,2
212,14,19,4449206,5,0,2
213,13,15,1617533,5,2,4
214,6,13,1631169,5,4,6,2,3,1
215,10,15,6394862,3,1,6,4,2
216,11,19,1530665,2,3,5,4,6
217,4,6,1509810,4,1,3,6
218,10,12,163305567,4,5,1
219,11,20,1203371,6,0,2,1
220,6,13,10313775,4,0,5,1,2
221,7,15,1304164,1,4,6
222,14,20,4595428,1,6,5
223,10,12,163305567,4,5,1
224,11,16,3595169,2,1,3
225,14,15,3942434,1,6,2,3
226,11,16,1719433,2,0,3,1
227,4,15,13810050,6,2,0
228,4,15,6299030,3,4,0
229,6,8,15583120,2,6,5
230,11,14,1284694,0,1,4
231,6,7,51468610,2,4,5,0,6
232,11,15,7970469,0,4,3,5
233,6,19,9067239,2,5,1,6,4
234,1,7,1328482,2,1,3,5,6
235,6,8,7384842,6,1,4
236,1,15,2316338,6,3,2
237,10,16,1040154,5,4,2,1
238,6,8,7384842,6,1,4
239,11,13,810817,4,1,5
240,10,20,1762123,2,5,6,0,4
241,1,7,3765065,3,5,4,2,0
242,5,15,7797991,5,6,1,4
243,9,15,7670213,6,5,4
244,12,16,5067296,2,0,3,1,4,6
245,15,17,7709755,3,5,2
246,9,15,4486788,4,6,5,0,2,3
247,7,19,6428818,4,5,1
248,1,7,3108988,5,2,1,0,6
249,11,20,1170541,0,4,1,2,5,6
250,6,16,7454182,2,6,4,5,0
251,14,15,7563211,3,6,0,2,4,1
252,14,20,3499136,1,2,3,4,6
253,8,15,3562769,3,4,0,6,5
254,9,16,998622,6,4,0,2
255,1,4,7124608,1,3,0,5,6
256,3,14,1067859,2,3,1,4
257,11,13,1613326,6,2,1,5,0,3
258,10,20,4609189,6,3,4,2,5
259,10,12,163305567,4,5,1
260,12,14,1440375,0,5,1,4,2,3
261,11,17,1240944,3,2,4,0,1
262,10,17,2302052,1,6,2
263,6,11,3767919,3,2,5,4,6
264,7,19,3284884,4,0,5,6
265,11,12,2885196,4,5,2,0,1
266,10,15,2938013,6,1,4,2,5,0
267,14,15,6863430,2,3,0,5
268,10,20,1422849,2,3,5,6
269,10,15,2321921,0,4,2
270,12,16,1490118,5,0,2
271,11,14,1284694,0,1,4
272,10,11,977985,2,1,6
273,3,15,1919857,1,4,6,3,5
274,10,20,3113753,5,3,6,2,4,0
275,12,15,4799916,2,5,6
276,4,19,1023652,2,0,6,3,4
277,6,8,11133208,0,6,3,1
278,7,15,1304164,1,4,6
279,1,15,11769774,6,2,5,0,1,3
280,10,15,3387190,6,2,5,3
281,14,19,4665192,4,3,6
282,15,19,14206809,3,0,6,5,1,2
283,11,20,1130854,5,3,2,1,0,4
284,10,17,2302052,1,6,2
285,15,16,1498346,5,1,0,6
286,15,16,9028917,2,4,0,6,1
287,10,12,163305567,4,5,1
288,1,15,11769774,6,2,5,0,1,3
289,1,15,4179459,2,0,5,3,1,4
290,6,20,3446988,1,5,0,2,3,4
291,13,15,5019062,3,0,5,4
292,12,14,1045590,6,4,0,3
293,15,20,11730820,5,3,6,2,1,4
294,6,20,7036303,4,3,5,1
295,1,15,2316338,6,3,2
296,7,19,2334233,6,4,5
297,10,16,1059196,1,6,3,0,4,2
298,13,15,1617533,5,2,4
299,10,14,979170,0,5,1,2,3
300,15,16,7536966,3,4,6
301,6,16,878901,0,6,3
302,11,15,5154285,5,4,3,1,6,2
303,9,15,5353702,0,1,4,2,6,3
304,10,15,166469809,2,3,6,1,4
305,4,15,6299030,3,4,0
306,4,15,5877264,0,5,3,2
307,4,11,815196,1,3,2,6,4
308,12,14,958995,0,5,2,4,1
309,14,15,4503350,3,1,0,6
310,7,14,874658,5,0,6,4
311,1,7,3388428,1,5,2,3,0
312,14,16,1631183,3,2,4
313,11,15,4328803,6,1,0
314,10,20,3113753,5,3,6,2,4,0
315,12,15,995858,5,2,3,4,6,1
316,14,17,4920487,2,4,6,3
317,13,17,10990050,6,2,0,4
318,14,15,3720795,5,0,4,6
319,13,15,5019062,3,0,5,4
320,14,19,2558701,1,0,4
321,15,20,11827988,2,5,3,4,0
322,15,20,14910933,1,5,2,6,3,4
323,12,14,958995,0,5,2,4,1
324,6,16,4003747,5,1,3,2
325,13,15,3382071,1,3,0,2,4
326,1,15,1248824,2,4,6,5,1
327,5,15,3446220,3,4,6,2
328,11,19,1530665,2,3,5,4,6
329,11,15,4328803,6,1,0
330,1,7,4285602,0,3,2,4,5,6
331,6,13,4694434,4,3,0,6,2,1
332,11,15,5297367,6,4,0,5
333,11,19,1245643,5,1,6
334,14,16,3644755,4,3,1
335,6,7,51468610,2,4,5,0,6
336,4,6,1509810,4,1,3,6
337,10,17,17022243,4,1,5
338,10,20,2513649,2,0,1,3
339,11,20,1203371,6,0,2,1
340,14,16,904626,3,0,2,5,1
341,11,14,1419307,4,6,3
342,15,19,6181203,1,2,3
343,11,16,4095855,2,0,1,6,5
344,8,15,7031232,4,3,2,6,1,5
345,1,15,1248824,2,4,6,5,1
346,10,16,1040154,5,4,2,1
347,10,15,3387190,6,2,5,3
348,13,15,13756304,4,6,5,0
349,6,16,21022180,6,5,1
350,15,17,2996760,3,1,5,2,6
351,3,15,1976858,3,0,6,5,4
352,7,14,874658,5,0,6,4
353,15,20,18742960,5,3,2,1
354,13,14,816490,1,5,0,2,4
355,8,15,7031232,4,3,2,6,1,5
356,6,8,12102480,2,5,3,6,1,4
357,15,19,10081440,0,5,4
358,12,14,958995,0,5,2,4,1
359,10,17,2302052,1,6,2
360,11,16,2483700,4,5,3,6,0,2
361,11,19,1115921,0,5,6
362,11,19,1115921,0,5,6
363,1,15,15536635,2,4,3,1
364,1,15,11769774,6,2,5,0,1,3
365,11,19,1115921,0,5,6
366,11,16,4095855,2,0,1,6,5
367,14,19,4449206,5,0,2
368,14,15,3500960,2,6,3,4,5,1
369,1,15,11769774,6,2,5,0,1,3
370,15,19,10081440,0,5,4
371,12,15,1060048,0,6,5,4
372,13,15,3382071,1,3,0,2,4
373,14,20,1180626,1,2,3,5,0
374,14,20,4747554,4,3,2,6,5
375,10,15,6394862,3,1,6,4,2
376,6,16,21022180,6,5,1
377,15,19,5957353,5,4,3
378,14,16,3644755,4,3,1
379,10,14,812773,3,2,5,0,6,1
380,4,15,9500472,0,1,6
381,6,20,2937439,4,0,5,6,2,1
382,15,19,5954096,4,1,0
383,4,13,1390235,4,0,2,1,6,3
384,12,14,1045590,6,4,0,3
385,6,8,11133208,0,6,3,1
386,12,16,5067296,2,0,3,1,4,6
387,14,15,3720795,5,0,4,6
388,10,14,979170,0,5,1,2,3
389,11,15,4328803,6,1,0
390,6,13,4694434,4,3,0,6,2,1
391,4,13,1390235,4,0,2,1,6,3
392,14,20,3499136,1,2,3,4,6
393,11,16,1719433,2,0,3,1
394,9,15,5353702,0,1,4,2,6,3
395,14,19,2770618,3,2,1,4
396,15,17,6578460,0,3,4,5,6
397,6,20,3228995,3,1,6
398,12,17,5862850,1,0,2,4
399,7,15,1304164,1,4,6
400,11,16,1219329,4,2,3,0,1
401,11,16,1219329,4,2,3,0,1
402,10,12,163305567,4,5,1
403,14,20,1180626,1,2,3,5,0
404,8,15,2662028,2,4,0,6,5
405,15,17,3502944,0,6,2,4,1,3
406,3,15,1976858,3,0,6,5,4
407,10,17,8595607,0,4,3
408,15,19,6181203,1,2,3
409,3,14,1067859,2,3,1,4
410,13,15,13756304,4,6,5,0
411,10,14,879888,3,0,1
412,13,14,948896,5,6,4,1,3,0
413,6,16,878901,0,6,3
414,11,12,2885196,4,5,2,0,1
415,11,12,4145669,0,5,1,4,6,2
416,12,15,4799916,2,5,6
417,15,20,18742960,5,3,2,1
418,11,16,4095855,2,0,1,6,5
419,11,20,2438364,6,2,4
420,10,14,812773,3,2,5,0,6,1
421,15,19,5957353,5,4,3
422,1,7,3388428,1,5,2,3,0
423,10,20,1762123,2,5,6,0,4
424,9,16,998622,6,4,0,2
425,4,11,815196,1,3,2,6,4
426,14,19,2770618,3,2,1,4
427,11,16,2957536,0,4,1,6,5
428,15,17,4608356,2,3,0,1
429,4,15,9500472,0,1,6
430,10,14,879888,3,0,1
431,7,15,1142854,0,6,2,4
432,12,17,5862850,1,0,2,4
433,7,15,1304164,1,4,6
434,15,19,5954096,4,1,0
435,6,15,3454630,1,0,3,5,6,2
436,11,15,7970469,0,4,3,5
437,11,13,810817,4,1,5
438,9,15,4486788,4,6,5,0,2,3
439,13,15,3382071,1,3,0,2,4
440,10,16,1059196,1,6,3,0,4,2
441,12,14,1440375,0,5,1,4,2,3
442,10,14,812773,3,2,5,0,6,1
443,14,15,4503350,3,1,0,6
444,1,10,17134316,4,3,0,6
445,5,14,1641941,4,3,5,1,0,2
446,3,14,1067859,2,3,1,4
447,5,15,3446220,3,4,6,2
448,14,19,4665192,4,3,6
449,11,16,4189120,3,1,2
450,6,8,26334480,3,0,1,2,6
451,5,6,2333342,1,4,3
452,11,19,2496601,0,5,1
453,4,8,949227,4,0,3,6,1
454,12,15,1060048,0,6,5,4
455,14,20,1180626,1,2,3,5,0
456,15,20,18742960,5,3,2,1
457,1,7,3388428,1,5,2,3,0
458,15,20,25342157,4,0,2,5,6
459,1,15,11769774,6,2,5,0,1,3
460,5,14,1641941,4,3,5,1,0,2
461,12,16,5067296,2,0,3,1,4,6
462,10,17,17022243,4,1,5
463,14,20,4595428,1,6,5
464,6,7,51468610,2,4,5,0,6
465,1,15,4179459,2,0,5,3,1,4
466,10,20,1762123,2,5,6,0,4
467,15,19,10081440,0,5,4
468,11,20,2438364,6,2,4
469,14,16,904626,3,0,2,5,1
470,14,17,4029393,3,0,2,6,5,1
471,10,12,163305567,4,5,1
472,10,17,17022243,4,1,5
473,11,15,4328803,6,1,0
474,6,16,21022180,6,5,1
475,1,7,3108988,5,2,1,0,6
476,9,12,1157334,4,6,0
477,4,15,13810050,6,2,0
478,7,19,6428818,4,5,1
479,10,17,8595607,0,4,3
480,14,19,4665192,4,3,6
481,14,17,4241803,2,3,1,0,6,5
482,8,14,1192235,1,5,6,2,4
483,9,15,9659538,6,4,2
484,4,15,5877264,0,5,3,2
485,11,15,5154285,5,4,3,1,6,2
486,15,17,7709755,3,5,2
487,9,15,7455870,4,2,1,0,5
488,14,20,4747554,4,3,2,6,5
489,13,14,948896,5,6,4,1,3,0
490,15,17,7709755,3,5,2
491,10,15,4442472,3,1,6,4,0
492,14,16,1934551,3,6,0
493,10,17,8595607,0,4,3
494,11,13,4079420,3,0,5
495,8,15,7031232,4,3,2,6,1,5
496,9,16,818198,4,6,2,1,3,5
497,7,19,2334233,6,4,5
498,10,15,4442472,3,1,6,4,0
499,6,15,5711147,5,3,0,6
500,15,19,874899,5,0,6,2,1,3
501,14,19,4449206,5,0,2
502,13,15,3382071,1,3,0,2,4
503,16,17,894974,1,5,2
504,1,15,15536635,2,4,3,1
505,5,15,4393013,4,2,6
506,15,19,14206809,3,0,6,5,1,2
507,10,13,31740447,6,3,4,5
508,4,15,5285815,5,3,4,1,6
509,11,14,1419307,4,6,3
510,1,15,2316338,6,3,2
511,4,8,949227,4,0,3,6,1
512,9,12,1157334,4,6,0
513,3,15,1717322,3,4,0,2
514,14,19,7353196,0,1,4,5
515,14,17,6732345,2,3,1,6,5,0
516,6,7,51468610,2,4,5,0,6
517,10,14,979170,0,5,1,2,3
518,15,16,9028917,2,4,0,6,1
519,6,13,2181532,4,5,2,0,1
520,11,16,1719433,2,0,3,1
521,6,8,9146089,6,1,3,5
522,11,14,1284694,0,1,4
523,13,15,837621,5,4,2,6,3,1
524,12,16,1490118,5,0,2
525,9,12,1157334,4,6,0
526,14,16,1631183,3,2,4
527,6,19,10185624,6,4,0,3,5,1
528,11,20,1170541,0,4,1,2,5,6
529,14,16,1934551,3,6,0
530,12,14,1440375,0,5,1,4,2,3
531,14,17,4029393,3,0,2,6,5,1
532,6,19,3864387,2,4,5
533,6,13,10313775,4,0,5,1,2
534,4,6,1509810,4,1,3,6
535,15,17,7709755,3,5,2
536,9,14,1468262,0,5,4
537,11,16,1219329,4,2,3,0,1
538,13,15,5019062,3,0,5,4
539,5,15,4350510,3,0,2,6
540,10,20,4609189,6,3,4,2,5
541,15,20,18742960,5,3,2,1
542,6,16,2043172,3,5,6
543,14,20,4747554,4,3,2,6,5
544,6,15,8273765,6,3,0,4,1
545,7,14,874658,5,0,6,4
546,3,15,1168878,6,3,4
547,11,19,1530665,2,3,5,4,6
548,11,16,2187347,4,5,1,2,0,3
549,1,7,3388428,1,5,2,3,0
550,11,14,3165109,3,4,6
551,6,13,1082273,3,5,1,4,0,2
552,15,17,3502944,0,6,2,4,1,3
553,14,16,3644755,4,3,1
554,6,11,4666308,5,3,2,6,0,4
555,8,15,10006275,6,5,4,2,0
556,10,20,1762123,2,5,6,0,4
557,6,13,10313775,4,0,5,1,2
558,13,15,1617533,5,2,4
559,7,16,1377177,2,6,0
560,4,11,815196,1,3,2,6,4
561,6,8,26334480,3,0,1,2,6
562,6,15,8273765,6,3,0,4,1
563,14,16,1631183,3,2,4
564,6,14,2460964,2,6,3,4
565,1,15,4179459,2,0,5,3,1,4
566,3,15,1717322,3,4,0,2
567,6,16,5501332,4,1,6,0,5,2
568,14,15,6863430,2,3,0,5
569,11,20,3004715,6,4,0,5
570,11,20,1170541,0,4,1,2,5,6
571,14,19,2770618,3,2,1,4
572,13,14,815283,3,5,1,4,0
573,13,15,837621,5,4,2,6,3,1
574,12,14,1045590,6,4,0,3
575,6,15,4116448,4,0,1,2
576,14,16,1934551,3,6,0
577,12,15,4799916,2,5,6
578,10,17,17022243,4,1,5
579,6,15,4116448,4,0,1,2
580,6,8,15583120,2,6,5
581,14,19,7353196,0,1,4,5
582,15,19,3978597,4,0,6,1
583,1,7,4285602,0,3,2,4,5,6
